0.000 0.000 0.000
219.686 -8806.570 150.957
370.589 -9071.102 145.344
546.270 -9159.442 139.474
703.927 -9184.024 128.174
917.546 -9200.090 114.657
1099.316 -9048.979 155.531
1143.439 -8835.444 174.167
1124.285 -8596.314 179.069
1014.640 -8453.838 172.651
901.359 -8375.313 163.423
655.820 -8331.128 145.360
541.919 -8469.133 145.360
327.881 -8518.503 145.360
342.557 -8299.280 134.421
361.494 -8120.454 126.570
122.280 -7894.312 120.280
305.737 -7773.131 117.193
503.440 -7676.925 113.822
697.730 -7629.715 109.102
790.460 -7874.343 108.630
790.460 -7874.343 108.630
1109.806 -7740.153 129.112
1083.991 -7582.427 136.428
1034.679 -7347.901 146.540
992.915 -7235.798 149.553
748.516 -7098.614 154.783
673.415 -7125.758 154.783
697.575 -6927.227 155.543
652.249 -6740.752 162.088
555.324 -6765.313 162.088
437.778 -6788.952 162.088
800.894 -6542.954 168.695
865.730 -6393.424 172.975
835.951 -6255.288 177.594
566.111 -6133.252 182.335
744.892 -5991.736 185.653
866.491 -5812.417 190.407
1097.189 -5500.215 198.600
804.449 -5270.404 205.734
564.688 -5259.705 205.734
364.887 -5250.789 205.734
241.075 -4884.974 212.761
388.961 -4711.435 216.549
654.035 -4603.539 219.075
933.717 -4616.875 219.075
930.630 -4396.925 222.423
619.004 -4246.919 224.180
639.642 -4008.362 231.598
720.325 -3780.277 245.444
958.187 -3809.581 245.444
971.174 -3530.171 258.164
597.522 -3376.754 264.981
563.670 -3155.927 276.940
563.670 -3155.927 276.940
846.678 -2870.130 363.628
720.942 -2722.658 386.587
527.678 -2540.747 400.517
481.802 -2264.421 452.689
829.216 -2124.297 504.643
757.009 -1903.493 525.414
520.703 -1778.284 529.764
784.181 -1420.800 521.318
614.830 -1245.376 491.900
597.115 -792.515 413.770
575.837 -611.316 380.369
496.439 -601.116 380.369
814.845 -632.974 380.369
1013.418 -656.796 380.369
1048.039 -241.745 326.345
655.008 -50.441 301.834
427.626 159.665 271.424
590.129 435.352 243.962
455.161 638.681 231.166
663.646 911.815 228.165
930.880 1122.966 226.813
774.464 1247.277 227.320
560.940 1504.772 232.332
413.587 1852.546 244.513
818.736 2043.561 257.523
563.810 2244.465 282.917
746.203 2534.379 315.277
488.348 2745.529 372.008
409.615 2890.416 425.194
527.020 2965.353 446.994
747.373 3245.750 411.180
977.464 3230.828 374.773
1270.020 3058.591 337.106
1273.634 4435.839 631.684
2522.179 2026.917 707.534
3241.267 -463.888 798.293
1443.224 -2030.998 1433.135
771.089 458.147 1493.742
728.072 -707.680 1346.888
681.286 -1675.719 1215.771
791.969 -3818.107 1043.320
558.139 -5068.225 820.663
763.263 -6556.163 768.907
1027.935 -7954.292 686.814
807.722 -8858.603 628.986
410.689 -9689.826 612.477
