0.000 0.000 0.000
213.678 -266.339 28.801
181.496 -220.722 157.177
258.491 -128.717 159.776
352.549 -167.931 45.385
236.268 -149.092 22.503
200.852 -214.427 -7.112
344.848 -145.000 -7.112
359.960 -304.107 -12.283
364.492 -503.565 1.681
377.972 -762.948 7.446
239.089 -775.575 -4.857
169.980 -869.790 22.081
244.664 -1009.898 2.282
245.996 -1029.816 1.060
246.043 -1109.665 -3.061
179.666 -1131.913 118.179
179.666 -1131.913 118.179
135.095 -896.853 100.934
270.231 -933.142 100.934
180.099 -787.263 54.962
156.006 -756.529 46.304
224.154 -854.562 58.264
356.697 -1025.868 80.007
367.130 -1042.924 80.517
563.508 -1077.423 65.228
680.047 -1102.702 51.841
680.047 -1102.702 51.841
727.166 -1012.928 174.714
638.456 -880.805 187.186
599.122 -853.913 150.740
595.170 -818.873 37.920
731.712 -851.181 65.523
739.589 -990.700 57.027
925.254 -1058.632 75.181
1158.308 -1087.655 86.859
1160.113 -909.390 108.764
1055.132 -851.467 103.879
984.139 -886.617 92.724
864.399 -891.146 86.256
864.399 -891.146 86.256
1006.950 -630.592 82.307
1141.727 -592.786 79.905
1130.543 -465.219 135.981
1025.924 -519.913 114.455
915.032 -559.399 91.134
781.276 -592.869 66.863
663.171 -581.070 49.203
642.365 -472.754 109.442
620.475 -634.922 219.230
555.104 -924.103 423.939
441.150 -1000.953 399.232
163.041 -1086.106 363.890
131.802 -949.636 363.632
196.069 -825.275 365.664
213.064 -666.250 361.791
199.496 -527.032 358.141
175.292 -326.153 444.306
455.114 -507.533 310.581
461.546 -594.429 228.073
455.171 -696.883 165.924
