0.000 0.000 0.000
1917.432 -599.987 354.130
1084.499 -949.269 320.978
-1021.148 101.539 367.281
-417.125 872.698 293.247
-377.984 537.358 170.007
-388.894 298.174 156.456
-378.688 98.754 161.863
-315.267 -2.753 158.864
-251.533 136.795 115.132
-266.540 171.305 101.573
-328.062 331.298 47.015
-373.398 497.902 -3.714
-373.398 497.902 -3.714
-234.308 495.971 0.918
-115.180 486.665 11.366
-16.915 478.886 28.208
101.027 468.408 47.694
238.328 455.998 72.075
357.807 438.607 142.328
381.668 425.540 217.556
409.419 405.386 311.477
376.489 253.672 349.658
315.501 175.041 358.705
315.501 175.041 358.705
269.205 94.371 204.740
213.233 19.720 50.933
142.246 -32.530 4.174
-13.685 -67.964 9.584
-86.228 -136.198 13.802
-86.228 -136.198 13.802
-68.608 -274.401 27.017
-49.099 -392.115 39.772
-56.811 -511.827 38.966
-67.611 -611.212 36.552
-73.438 -731.046 36.679
-70.467 -850.996 38.455
52.839 -569.445 23.301
137.123 -413.677 23.301
160.059 -527.356 133.532
180.750 -621.936 158.563
175.992 -410.055 153.893
311.736 -420.403 126.755
390.243 -416.311 112.748
447.866 -416.106 96.030
541.813 -403.319 64.243
561.748 -326.470 54.424
514.944 -216.306 47.868
475.618 -146.922 41.640
419.054 79.405 32.236
438.836 216.381 51.400
448.859 312.830 74.674
445.165 397.078 147.539
418.645 472.531 275.797
295.633 473.611 173.824
191.366 417.583 159.247
112.939 357.118 173.007
41.819 322.426 161.246
-13.859 303.861 149.989
-146.383 269.175 121.108
-299.793 229.808 98.665
-452.871 183.330 100.584
-502.593 120.798 102.093
-425.939 98.910 95.851
-346.144 93.571 97.222
-266.677 97.553 105.535
-206.921 99.077 110.524
-88.531 82.836 113.122
-10.243 66.380 113.475
128.194 46.973 113.939
208.083 43.342 112.877
307.901 42.350 106.995
427.572 42.208 98.148
507.318 46.966 93.984
626.923 55.141 88.695
726.659 61.418 85.059
843.403 35.513 83.201
909.143 -36.988 81.808
953.234 -125.826 75.930
943.584 -65.847 71.781
943.584 -65.847 71.781
725.515 -67.004 71.781
1020.323 -214.893 210.157
829.428 -454.204 257.449
1017.976 -393.359 279.336
1058.914 -197.848 57.927
1272.376 -228.426 18.850
1332.139 -232.986 16.137
1412.085 -234.154 18.822
1512.018 -235.613 22.179
1651.132 -234.686 37.663
1788.675 -230.415 63.413
1450.393 -438.818 43.765
1462.793 -497.519 44.409
1476.958 -633.333 92.001
1468.933 -448.415 147.012
1468.933 -448.415 147.012
790.160 -322.414 136.345
718.767 -346.045 163.632
629.865 -365.313 204.541
558.601 -374.047 239.665
451.003 -370.453 292.459
324.018 -348.076 346.576
229.448 -332.977 375.196
172.340 -324.220 391.379
-57.665 -280.209 443.500
-95.803 -272.018 452.353
-347.056 -226.847 501.199
-486.171 -153.432 525.344
-544.876 -51.610 533.129
-575.406 43.459 530.358
-533.793 278.424 508.580
-490.940 473.494 498.248
-375.046 498.866 498.478
-257.363 475.845 495.132
-200.798 456.562 489.801
-33.816 392.976 469.243
28.279 344.035 459.491
82.162 262.380 449.998
119.627 66.906 433.519
130.463 -92.307 428.408
89.971 -158.345 431.810
-41.644 -237.540 439.830
-298.058 -212.027 451.835
-485.399 -97.455 450.939
-558.896 17.153 422.395
-558.896 17.153 422.395
-509.604 338.692 328.994
-412.570 404.492 303.988
-253.862 405.235 310.121
-146.644 352.773 322.176
-98.315 222.499 329.050
-97.248 82.992 340.737
-73.516 -74.295 357.985
