0.000 0.000 0.000
190.544 -1472.598 633.514
127.826 -1721.881 632.002
167.206 -1728.894 632.002
426.919 -2109.798 706.505
465.139 -2165.304 731.955
624.884 -2538.757 987.717
570.090 -2730.385 1239.529
473.277 -2727.300 1365.567
467.862 -2607.672 1410.645
340.468 -2400.185 1514.071
155.150 -2285.941 1544.073
126.445 -2008.046 1577.906
-22.073 -1814.705 1629.732
-195.803 -1674.363 1677.218
-359.914 -1381.937 1708.634
-627.227 -1177.412 1744.478
-890.990 -1086.109 1779.339
-1412.219 -1172.728 1850.973
-1813.463 -1337.488 1897.786
-2072.150 -1667.071 1980.806
-1949.730 -1939.187 2095.474
-1713.235 -2177.069 2196.579
-1578.140 -2060.373 2268.333
-1595.131 -1840.924 2316.142
-1404.401 -1603.095 2355.300
-1062.674 -1411.401 2400.159
-558.993 -1379.361 2434.734
-159.670 -1566.048 2440.723
250.130 -2104.463 2485.006
91.280 -2413.232 2566.642
-135.746 -2615.633 2659.086
-445.966 -2742.014 2869.511
-860.529 -2732.900 3061.872
-998.446 -2602.939 3081.785
-1082.063 -2444.680 3094.554
-1308.314 -2330.749 3188.097
-2108.198 -2432.188 3445.778
-2390.703 -2574.549 3490.644
-2597.736 -2739.710 3621.756
-2615.542 -2963.168 3843.579
-2006.712 -3176.523 4202.995
-1780.782 -3112.225 4169.833
-1611.790 -3029.984 4102.648
-1397.350 -2854.934 3969.654
-1400.749 -2458.902 3591.720
-1609.192 -1194.804 1931.746
-1615.015 -1113.612 1771.265
-1615.127 -1028.276 1613.121
-1615.127 -1028.276 1613.121
-1589.228 -1008.659 1518.644
-1473.880 -974.748 1288.946
-1429.245 -976.298 1249.151
-1307.333 -1049.000 1138.567
-1227.050 -1097.730 1063.867
-1163.875 -1144.919 1050.915
-826.220 -996.112 862.077
-809.878 -996.979 850.578
-797.859 -980.542 794.140
-762.281 -924.224 627.135
-758.360 -915.207 609.719
-779.343 -850.203 568.075
-931.127 -747.397 487.336
-913.913 -626.340 422.205
-964.021 -476.785 350.028
-886.649 -351.019 289.619
-842.829 -285.500 277.007
-746.025 -158.664 265.278
-610.882 -15.972 238.073
-455.386 52.617 183.919
56.849 -143.612 62.847
-60.569 -259.889 31.418
-49.296 -107.042 250.612
-61.042 -30.790 186.997
-77.542 81.481 149.247
-77.542 81.481 149.247
-42.101 -103.759 138.695
-283.262 95.097 145.231
-304.266 220.448 128.614
-326.829 286.570 115.913
-465.164 284.505 101.896
-621.216 250.338 105.343
-817.026 214.943 117.517
-1016.156 225.331 132.689
-1233.386 209.788 145.791
-1128.389 107.570 145.224
-1110.890 9.120 144.092
-1113.095 -62.952 144.977
-1026.649 -320.871 147.154
-931.710 -394.209 147.154
-1000.793 -465.980 138.419
-1139.238 -609.376 121.983
-1306.339 -830.323 124.970
-1305.168 -886.174 146.863
-1299.976 -1092.048 224.022
-1363.478 -362.773 285.003
-1422.617 -139.787 349.624
-1420.106 -48.023 426.776
-1398.598 111.234 576.864
-1398.598 111.234 576.864
-1344.677 232.689 620.734
-1305.395 277.237 629.215
-1290.672 221.261 613.409
-1274.865 83.875 601.170
-1274.865 83.875 601.170
-1283.343 -275.484 641.969
-1235.444 -362.094 652.875
-1180.541 -477.548 659.769
-1142.469 -569.435 655.427
-1228.750 -703.825 647.088
-1297.271 -802.194 641.765
-1327.570 -897.352 646.958
-1411.590 -1164.053 661.500
-1441.598 -1259.303 666.693
-1396.790 -1087.628 1181.598
-1472.503 -994.982 1190.554
-1601.845 -998.405 1190.961
-1697.309 -1028.178 1190.961
-1807.736 -936.346 1183.304
-2288.195 -266.699 1363.365
-2350.849 -188.794 1363.365
-2346.960 -133.796 1350.712
-2354.862 -62.643 1338.058
-2290.642 -34.683 1299.546
-2194.238 -13.881 1283.006
-2155.667 -5.583 1276.414
-1997.703 5.198 1257.518
-1818.318 -2.557 1247.049
-1643.039 -41.068 1253.371
-1488.951 -130.442 1249.479
-1465.907 -162.943 1246.941
-1430.347 -232.243 1228.761
-1363.012 -393.173 1184.520
-1295.058 -763.261 1165.460
-1049.801 -847.157 1174.561
-836.783 -1032.879 1170.221
-611.199 -1301.766 1158.901
-468.404 -1238.015 1160.271
-374.737 -1163.219 1164.998
-279.173 -1062.227 1170.598
-93.290 -1001.773 1170.203
-97.584 -902.168 1163.840
-108.309 -761.589 1150.954
113.268 -596.941 1115.353
79.472 -466.124 1100.065
-105.472 -315.353 1080.169
-249.370 -208.723 1062.333
-391.694 -101.660 1036.875
-512.853 45.205 977.012
-669.304 196.661 966.140
-850.460 294.462 1039.790
-856.082 633.043 1159.314
-969.084 934.192 1211.067
-1282.786 1174.870 1213.960
-1521.989 1128.407 1228.361
-1691.766 954.075 1236.897
-1879.629 745.992 1256.660
-1840.790 471.253 1369.670
-1921.356 132.362 1513.459
-1821.645 -113.567 1595.432
-1670.633 -67.556 1605.523
-1600.397 2.517 1593.409
-1504.136 103.407 1581.571
-1289.087 304.155 1726.696
-1160.000 437.949 1773.199
-1043.317 482.551 1715.086
-871.513 506.654 1615.642
-716.321 528.301 1527.083
-677.794 693.005 1442.138
-638.275 873.127 1377.115
-563.683 987.111 1342.835
-267.339 1192.454 1276.175
-18.413 1314.073 1236.680
507.883 1121.014 1241.959
467.418 926.127 1250.932
492.408 719.506 1237.851
548.974 472.662 1225.326
385.562 358.260 1229.767
91.947 97.467 1243.035
-163.627 93.457 1250.368
-343.765 218.397 1243.669
-428.884 351.161 1235.103
-442.213 488.955 1216.013
-436.811 678.641 1260.784
-358.896 868.643 1450.328
-152.136 2153.140 1513.225
-103.519 2449.272 1571.258
-297.357 2641.373 1667.192
2176.993 4226.993 765.161
3264.620 4305.969 878.068
4228.531 5389.802 143.553
4853.000 6054.233 140.417
5397.545 6792.457 54.530
5992.250 7621.219 -233.659
6262.499 8534.474 -585.220
6311.366 9417.897 -770.338
6400.883 10127.602 -719.167
7146.153 11140.349 -719.167
7111.213 11506.104 -283.161
6568.791 11401.306 71.271
5071.308 9491.995 1161.917
4880.300 9452.884 1192.069
4563.237 9471.983 1229.846
4167.671 9503.155 1280.425
3831.818 9506.584 1325.354
3598.492 9404.254 1354.319
3566.605 9223.895 1357.662
3757.599 9015.980 1371.184
3920.893 8773.567 1391.512
3805.421 8644.985 1429.789
3705.053 8610.433 1373.822
3456.898 8471.139 1355.127
3653.703 8169.866 1355.127
3857.447 7873.081 1355.127
3977.703 7603.658 1367.944
3818.234 7461.935 1381.757
3499.638 7145.606 1411.432
3319.732 7021.022 1414.881
3025.733 7046.472 1450.605
2736.390 6833.421 1468.564
2459.390 6819.439 1792.705
2456.993 6915.564 2220.557
2491.630 7153.228 2418.850
2787.894 7542.107 2552.511
3758.329 7679.027 2964.586
3645.677 7925.646 3013.436
3430.326 8022.353 3013.073
3180.658 8250.693 2995.481
2834.261 8324.625 2957.618
2738.466 8225.174 2935.129
2600.328 8223.101 2864.746
2455.422 8355.033 2736.271
2367.858 8365.760 2556.912
2233.233 8551.597 2288.202
1909.303 8762.738 2093.320
1893.569 9012.359 2002.172
1763.129 9286.263 2017.786
1569.913 9484.847 2065.239
1377.364 9402.566 1954.434
1335.846 9287.285 1904.229
1382.032 9112.827 1890.000
1329.710 8995.180 1893.273
1192.772 8770.870 1960.437
1144.639 8429.359 2087.486
1050.964 8105.511 2233.733
940.255 7802.264 2331.001
743.018 7395.632 2346.940
563.694 7107.978 2357.136
310.335 6933.208 2371.134
171.629 6690.283 2371.134
-29.606 6443.418 2373.113
-437.637 6431.919 2286.247
-857.905 6411.745 2001.524
-927.951 6833.324 2051.527
-897.093 6980.205 2211.728
-853.045 7126.583 2396.607
-832.512 7238.802 2584.581
-780.183 7383.970 2789.558
-550.232 7411.979 2951.921
-118.563 7091.215 3102.509
234.699 7019.014 3264.289
371.115 7161.840 3359.634
416.989 7340.790 3436.270
