0.000 0.000 0.000
2128.455 -3111.773 1576.518
2341.086 -3050.773 1542.555
2516.417 -2920.332 1547.954
2670.708 -2764.747 1564.094
2851.853 -2553.460 1591.179
3001.641 -2346.377 1625.137
3146.747 -2117.736 1694.567
3346.429 -1960.526 1739.765
3702.503 -1710.479 2147.527
4069.314 -1532.061 2814.723
4451.252 -1662.332 3167.576
5498.128 -2106.227 4159.666
5846.399 -2006.157 4129.442
5989.359 -1979.796 4066.819
6255.926 -2037.631 3942.446
6478.532 -2091.914 3820.523
6711.628 -2156.969 3643.279
6939.138 -2206.460 3488.541
7197.988 -2226.946 3386.604
7526.741 -2239.311 3301.447
7876.783 -2250.966 3218.184
8285.403 -2265.782 3122.253
8675.013 -2282.208 3033.186
9145.201 -2269.160 2941.023
9519.154 -2234.073 2883.787
10000.506 -2336.252 2832.761
10187.871 -2042.194 2808.559
10165.567 -1803.360 2805.482
10227.779 -1474.957 2804.886
10280.176 -1265.950 2805.277
10243.491 -928.427 2816.358
10267.970 -614.728 2872.461
10275.966 -536.569 2887.531
9375.418 -173.185 2916.403
9659.400 38.766 2947.848
9846.742 434.384 2972.647
10316.111 530.312 2984.781
11029.810 1614.670 3655.934
11129.934 2062.219 3673.108
11761.003 2234.012 3712.281
11573.812 1606.756 3988.850
11631.238 879.435 4215.911
11292.557 230.359 4676.130
10952.891 -621.119 5042.249
10009.626 -1059.711 5332.374
9528.266 -1258.446 5332.374
9182.607 -354.839 5387.947
9467.640 27.582 5338.564
9911.431 204.068 5291.354
10404.328 -130.255 5443.731
10221.024 -130.662 5065.704
10554.428 1632.863 4638.058
10437.855 1765.690 4508.678
10258.804 1901.893 4299.417
10226.108 1950.289 4151.268
10040.175 2000.845 3985.406
10046.423 2126.817 3781.563
10050.071 2231.217 3691.472
10306.163 2490.832 3198.519
10311.759 2619.832 3058.457
10290.048 2905.623 2971.916
10234.070 3290.504 2879.775
9943.218 3597.098 2846.099
9725.574 3623.380 2863.454
9489.511 3663.991 2878.098
9063.569 3628.209 2900.222
8707.734 4161.184 2985.416
8749.481 4576.347 2984.920
8719.229 5012.428 2935.503
8740.467 5390.758 2909.755
8751.255 5810.273 2903.980
8751.892 6070.250 2907.296
8680.637 6362.126 4107.363
8668.391 6811.222 4488.573
8061.276 6520.940 5245.095
8106.762 5381.673 5418.668
8243.467 5220.897 5418.668
8575.811 5201.332 5285.279
8548.915 5276.659 5080.812
8522.321 5334.617 4870.393
8491.006 5322.092 4635.143
8456.367 5226.730 4378.105
8461.479 4881.534 4032.052
8626.972 4400.815 3720.053
8912.978 4191.705 3495.520
9053.388 4098.951 3387.434
9306.377 3932.198 3193.034
9644.404 3774.814 3004.375
9449.157 3644.753 3000.711
9126.964 3429.959 2946.364
8951.559 3298.912 2847.703
8741.957 3268.007 2734.960
8462.872 3234.264 2459.564
8276.079 3216.562 2201.009
8063.173 3211.601 2092.686
7747.614 3225.887 2127.535
7439.589 3203.457 2200.522
6871.138 3080.027 2392.164
6370.031 3193.960 2735.498
5970.261 4323.978 3057.869
5524.915 4316.162 3013.637
5230.158 4221.873 2986.308
4805.829 4033.676 3015.743
4682.848 3202.233 3319.661
5186.256 2269.415 4031.092
5680.111 2309.491 4044.395
5700.419 2916.066 3880.916
5684.610 2978.420 3655.044
5945.824 4697.833 3256.715
5688.236 4846.452 3096.252
5365.818 4853.583 2877.522
4261.203 3369.849 1951.520
4553.281 3097.917 1793.747
5048.624 2993.246 1763.238
4905.840 4769.802 1737.968
4607.211 4946.469 1763.402
4246.966 4957.693 1663.803
3832.482 4969.581 1354.070
3498.051 4975.983 1068.215
3157.285 4961.947 908.029
2749.493 4839.344 796.143
2447.947 4775.117 712.250
2012.446 4746.040 579.008
1729.531 4793.054 496.777
1521.604 4863.978 503.867
1028.948 4995.921 580.367
514.813 4526.956 688.844
13.790 4479.095 606.625
-498.644 4421.778 477.039
-944.322 5017.883 256.318
-918.299 5331.057 637.609
-912.958 5354.157 669.825
-524.249 6340.518 2202.964
-1337.943 6386.111 1734.052
-2172.991 5816.049 1257.461
-2137.863 5580.054 1014.921
-2025.697 5251.857 683.285
-1974.098 5109.307 553.069
-1789.403 3984.236 373.941
-1933.238 3561.903 413.806
-2304.750 3292.393 440.057
-2630.866 3142.838 434.298
-3053.743 2610.155 595.507
-3510.757 2141.037 747.372
-4047.546 2083.071 1013.205
-6039.232 2770.110 1690.057
-6081.282 2555.249 1667.220
-6152.999 2412.277 1667.220
-5984.407 1430.609 1353.579
-5353.355 1189.389 1519.019
-4978.048 2243.907 2618.522
-5721.324 1627.616 1757.659
-5946.480 1226.639 1522.849
-6220.632 796.465 1293.788
-6513.125 372.981 1073.400
-6763.804 -245.963 907.004
-7029.702 -645.793 981.625
-7022.953 -1011.912 1082.885
-7228.062 -2130.112 1139.730
-7024.167 -2281.273 1084.874
-7436.254 -3430.386 880.432
-7339.736 -3565.394 856.974
-7188.705 -3688.511 856.974
-6953.250 -3839.118 856.974
-6754.611 -3842.294 829.820
-6530.167 -3818.164 834.586
-6337.696 -3856.578 858.754
-6145.885 -3902.516 875.999
-5870.120 -3570.479 1180.686
-5922.845 -3146.066 1507.661
-6215.250 -2740.397 1562.012
-6167.082 -2372.316 1481.586
-6072.786 -2263.323 1420.948
-5926.221 -2215.101 1293.916
-5662.997 -2253.737 1149.851
-5398.976 -2516.712 1091.542
-4770.045 -2996.803 1210.780
-4615.500 -3033.430 1202.221
-4437.428 -3053.619 1185.965
-4169.812 -3228.912 1176.152
-3993.477 -3264.838 1173.118
-3777.526 -3306.778 1171.283
-3558.580 -3323.340 1173.420
-3338.775 -3316.354 1168.538
-3099.041 -3320.630 1162.939
-2839.308 -3326.103 1161.719
-2679.974 -3312.104 1161.849
-2441.246 -3293.726 1173.089
-2062.263 -3286.858 1290.495
-1862.587 -3289.115 1301.325
-1723.584 -3294.396 1287.615
-1525.649 -3305.739 1273.970
-1346.181 -3311.572 1286.480
-1126.815 -3316.715 1298.924
-988.053 -3313.838 1281.502
-550.473 -3292.545 1284.597
-188.320 -3347.424 1357.404
44.673 -3438.156 1519.599
726.778 -3786.637 1860.454
883.893 -3206.442 1623.681
911.698 -3090.862 1517.674
986.950 -2998.563 1411.849
1089.399 -2896.656 1344.291
1205.196 -2785.630 1263.718
1290.350 -2700.816 1191.927
1416.807 -2551.281 1158.437
1518.245 -2429.507 1137.266
1626.427 -2265.230 1130.312
1637.313 -1893.605 1146.804
1205.771 -1681.389 937.378
914.138 -1721.700 771.349
652.958 -1769.833 684.414
309.991 -1815.226 585.071
42.950 -1846.101 506.739
-339.130 -1842.298 390.149
-880.919 -1852.888 260.328
-1179.149 -1857.043 289.351
-1734.441 -1909.169 337.242
-2249.018 -1866.191 359.529
-2705.906 -1762.475 381.854
-3298.681 -1751.972 416.304
-4060.588 -1710.313 444.863
-4849.248 -1462.718 465.848
-5062.799 -888.382 492.932
-5247.575 -476.599 520.216
-5291.498 -113.014 550.950
-5354.642 103.060 567.365
-5289.516 227.418 579.096
-5254.976 375.354 590.139
-5077.497 564.339 602.062
-4949.212 802.878 608.888
-4790.894 980.018 593.393
-4677.243 1135.823 540.658
-4581.026 1233.133 512.167
-4499.025 1287.677 499.846
-4300.727 1349.631 498.928
-4026.888 1417.436 509.601
-3667.704 1494.696 524.066
-3375.707 1534.132 555.014
-3123.039 1500.672 594.487
-2945.906 1451.497 613.552
-2681.052 1082.827 660.153
-2509.327 613.369 656.314
-2310.207 293.464 652.591
-2098.516 70.554 651.892
-1931.255 -223.241 659.417
-1681.915 -553.982 671.764
-1524.104 -985.172 653.824
-1416.358 -1283.142 609.670
-1270.376 -1730.971 517.956
-1131.103 -2325.068 411.023
-1082.356 -2689.756 319.419
-1123.005 -3085.254 189.705
-1110.209 -3536.505 166.443
-1102.390 -4069.205 199.436
-1002.984 -4287.070 199.436
-1025.540 -3985.735 237.264
-552.538 -2346.791 315.742
-333.641 -2016.973 325.798
-160.646 -1888.631 342.799
37.870 -1757.255 366.398
269.574 -1603.449 394.498
495.741 -1476.721 410.721
633.777 -1395.955 408.718
929.935 -1302.886 399.363
1116.324 -1236.998 386.286
1411.775 -1189.860 365.748
1671.598 -1009.400 345.789
2019.193 -1089.601 351.558
2332.521 -1180.403 443.977
2821.685 -1314.168 608.949
2783.262 -1012.280 602.436
2768.207 -586.443 500.505
2513.300 -207.771 456.197
2470.038 69.120 443.374
2526.186 286.451 427.445
2645.708 630.299 379.940
2590.595 950.750 366.007
2224.338 1638.093 387.459
2264.407 1968.289 409.708
2069.709 2522.565 584.928
1548.537 2784.762 754.496
920.514 2957.441 941.120
274.498 2913.337 1100.025
101.547 2320.491 1032.643
87.242 2041.653 1016.704
-242.341 1940.484 995.495
-456.106 1996.382 992.597
-126.472 1853.266 988.833
59.171 1576.189 984.885
220.443 1219.741 992.873
204.055 940.553 1006.395
392.941 595.918 1025.475
-20.568 -1010.485 1117.430
-309.150 -924.121 1118.154
-656.190 -477.575 1107.611
-663.650 -94.323 1094.049
-627.147 122.394 1083.982
-628.132 380.435 1067.712
-803.302 636.257 1008.118
-964.395 806.945 958.000
-1228.036 827.316 887.994
-1301.055 1103.065 823.067
-452.207 1267.004 1277.188
-1092.721 2169.506 1827.236
-1220.431 2225.477 1827.236
-1354.323 2182.089 1892.509
-1385.453 2325.291 1905.623
-1265.067 2468.131 1858.221
-634.880 2700.933 1607.438
-212.100 2777.788 1449.363
-47.524 2791.329 1377.729
209.702 2809.399 1268.923
389.739 2891.527 1217.982
575.511 2841.567 1162.101
778.452 2781.603 1104.333
948.832 2751.195 1055.356
1101.807 2733.144 1012.083
1272.848 2726.547 959.059
1402.653 2782.442 887.837
1548.818 2877.393 789.758
1677.424 2953.529 690.175
1802.434 3016.803 577.176
1916.077 3071.089 478.570
2095.055 3107.870 407.796
2378.272 3125.902 480.126
2758.767 3156.272 548.830
2916.834 3169.311 533.172
3055.453 3179.355 549.759
3352.320 3200.986 586.852
