-8491.544 8086.889 -1029.135
-8801.765 8235.330 -1034.375
-9200.227 8214.212 -1048.061
-9557.730 8091.979 -1072.075
-9860.518 7741.784 -1090.201
-10256.091 7690.008 -1098.599
-10622.995 7485.034 -1103.827
-10959.081 7527.614 -1107.803
-11393.926 7596.479 -1111.303
-11644.391 7929.172 -1114.388
-11763.024 8538.362 -1033.753
-11816.143 8851.428 -1062.592
-11673.583 9222.812 -1089.256
-11376.624 9325.296 -1149.208
-10837.310 9182.489 -1231.643
-11139.543 8584.732 -1221.289
-11090.281 8223.529 -1223.990
-10737.736 8151.703 -1232.356
-10710.474 8169.389 -1233.676
-10343.641 9254.630 -1246.679
-11716.712 8233.057 -1271.453
-12901.398 8903.461 -1249.686
-13031.780 9222.037 -1254.006
-13350.820 9469.525 -1235.750
-13792.276 9590.806 -1207.676
-14405.984 9565.885 -1181.776
-14588.436 9304.667 -1178.984
-14635.823 8563.894 -1182.895
-14486.379 8292.853 -1165.148
-14255.971 8231.104 -1151.191
-13820.441 8102.162 -1142.334
-13488.778 8301.319 -1146.904
-13291.729 8537.104 -1163.886
-13182.032 8743.500 -1176.423
-13131.130 9017.978 -1176.214
-13196.923 9495.668 -1193.939
-13748.460 9031.203 -1250.526
-13692.305 8832.384 -1250.526
-13854.420 8836.035 -1250.526
-14031.427 7443.440 -1103.429
-13356.748 7512.215 -1091.271
-12763.060 7555.527 -1083.598
-12317.968 7529.159 -1196.011
-11935.473 6919.832 -1224.197
-11937.691 6775.837 -1216.384
-12017.791 6344.841 -1200.670
-11977.671 6275.636 -1200.670
-11991.525 5981.899 -1203.244
-12103.549 5744.186 -1200.550
-12153.274 5619.601 -1198.041
-12285.419 5510.677 -1192.674
-12490.177 5297.687 -1177.537
-12551.794 5239.574 -1172.442
-12671.195 5242.650 -1161.241
-12947.752 5238.637 -1117.713
-13163.968 5239.113 -1125.110
-13488.328 5184.078 -1220.123
-13600.497 5028.685 -1234.016
-13874.389 4957.953 -1229.534
-13874.389 4957.953 -1229.534
-14097.546 5035.312 -1236.130
-14324.546 5226.626 -1245.245
-14419.413 5492.316 -1245.895
-14420.172 5564.052 -1238.584
-14422.448 5779.258 -1216.651
-14307.796 5965.446 -1193.275
-14253.535 6174.453 -1189.067
-14296.747 6368.795 -1195.433
-14447.707 6590.921 -1203.367
-14768.481 6816.268 -1231.867
-15143.518 7145.315 -1262.665
-15468.180 6654.995 -1282.779
-15410.783 6481.119 -1280.737
-15427.997 6310.774 -1271.155
-15247.452 5950.804 -1253.915
-15206.416 5934.622 -1251.376
-14314.744 6353.044 -591.070
-14583.709 6412.316 -709.815
-14791.787 6474.944 -811.517
-14841.443 6499.600 -834.221
-14408.929 6428.634 -849.966
-13663.714 6553.859 -813.269
-13622.430 8253.390 -953.034
-13785.806 8660.162 -982.136
-13876.023 8838.335 -972.718
-13902.308 9055.162 -968.304
-12913.657 9752.539 -1057.593
-12565.376 10351.423 -1097.406
-11994.726 10964.125 -1091.731
-11538.514 11587.306 -1138.649
-11039.009 11603.113 -1146.638
-10700.766 11627.684 -1170.551
-10381.296 11632.181 -1170.223
-9942.146 11647.720 -1154.631
-9378.893 11982.402 -1107.420
-9056.179 12483.877 -1095.412
-8956.035 12949.757 -1073.294
-8757.070 13225.692 -1072.257
-8756.334 13600.045 -1072.257
-8688.213 13942.931 -1068.225
-8503.334 14260.407 -1053.484
-8529.699 14730.847 -1049.862
-9018.421 14885.410 -1049.667
-9243.735 14963.247 -1029.564
-9641.725 14989.517 -991.147
-9890.124 14914.134 -1002.972
-10123.897 14861.624 -1013.434
-10485.719 14685.968 -1047.339
-10716.163 14547.046 -1083.502
-10973.253 14559.591 -1119.683
-11183.593 14520.435 -1145.945
-11294.636 14315.017 -1165.444
-11252.721 13884.126 -1208.062
-11210.124 13607.913 -1213.883
-11203.392 13388.720 -1197.143
-11104.390 12815.210 -949.762
-12534.792 12176.389 -1120.748
-12785.758 12194.647 -1185.988
-13096.448 12228.533 -1250.724
-13341.908 12361.222 -1257.404
-13532.938 12561.623 -1249.941
-13611.237 12829.838 -1235.900
-12990.166 14367.045 -1234.913
-12683.446 14239.416 -1228.005
-12446.088 14344.769 -1217.979
-12153.725 14260.942 -1207.365
-11845.588 14234.452 -1194.211
-11546.712 14264.059 -1176.616
-10840.817 14492.407 -1125.097
-10636.523 14764.192 -1109.165
-10606.585 15233.588 -1085.436
-10578.166 15712.745 -1058.318
-10682.663 16201.823 -1039.837
-10919.580 16312.886 -1041.955
-11447.103 16311.226 -1054.129
-11817.431 16450.678 -1065.230
-12125.174 16556.471 -1075.251
-12316.333 16494.920 -1083.602
-13230.788 16512.969 -1090.680
-14234.983 15688.926 -649.348
-14098.965 15610.806 -679.156
-13761.661 15486.100 -688.286
-13517.787 15396.020 -689.564
-13121.266 15386.044 -709.077
-12884.562 15268.139 -734.551
-13144.940 15096.089 -766.070
-12629.116 14131.836 -950.569
-12920.037 13890.489 -987.509
-13097.884 13730.662 -1006.130
-13397.508 13315.693 -1005.442
-13492.535 13096.811 -979.793
-13998.985 11998.310 -857.119
-16498.129 12131.021 -1092.669
-16570.576 12577.006 -1118.083
-16671.154 13018.243 -1142.912
-17021.646 13284.370 -1137.021
-17427.537 13645.839 -1103.647
-17965.795 13758.620 -872.562
-18319.523 14099.471 -877.904
-18634.309 13739.880 -916.747
-18733.500 13444.018 -975.260
-18663.143 13243.989 -1029.721
-18508.271 12970.397 -1088.001
-18390.045 12717.553 -1106.998
-18356.408 12443.157 -1123.709
-18448.938 12158.842 -1155.124
-18376.578 11850.771 -1201.221
-18030.648 11579.196 -1236.636
-17839.734 11371.947 -1230.762
-17739.801 11116.218 -1222.094
-17759.127 10791.823 -1217.625
-17887.346 10565.859 -1207.851
-18002.963 10135.388 -1182.838
-18404.473 10046.605 -1159.860
-18532.154 9821.544 -1140.218
-18655.906 9484.344 -1116.558
-18867.125 8996.740 -1033.849
-18961.746 8638.826 -977.480
-19133.396 8287.884 -1000.719
-19122.348 7960.766 -1089.262
-19474.656 7677.784 -1190.280
-19855.039 7377.755 -1254.195
-19816.420 7060.387 -1258.499
-19701.887 6576.850 -1201.102
-19142.072 6401.977 -1184.493
-18901.986 6360.735 -1218.865
-18631.734 6526.942 -1204.893
-18530.891 6698.133 -1204.181
-18467.455 6886.992 -1215.218
-18182.797 6900.839 -1228.687
-17988.477 6968.543 -1236.841
-17793.125 7034.671 -1243.159
-17606.764 7186.260 -1247.201
-17411.527 7368.471 -1235.832
-17433.082 7581.335 -1186.904
-17546.473 7830.562 -1134.361
-17564.973 8193.707 -1133.781
-17592.828 8459.142 -1168.965
-17606.104 8675.902 -1203.002
