14944.982 -777.822 -7242.290
15039.199 -1057.055 -7338.481
15298.273 -1233.561 -7392.312
15419.659 -1152.275 -7418.857
15363.765 -993.956 -7443.570
15297.508 -780.244 -7476.262
15345.918 -669.950 -7493.423
15383.249 -505.628 -7507.266
15471.038 -461.790 -7518.952
15627.271 -413.582 -7536.572
15825.118 -406.170 -7564.862
15924.407 -398.482 -7573.694
16042.820 -390.981 -7558.717
16140.724 -387.558 -7538.644
16220.426 -385.170 -7536.378
16299.390 -384.609 -7548.972
16358.326 -384.282 -7560.219
16477.307 -383.281 -7575.106
16577.168 -382.481 -7577.203
16657.078 -381.743 -7573.506
16756.961 -380.820 -7568.809
16843.137 -386.497 -7565.580
17056.578 -231.394 -7553.942
17090.676 -8.190 -7548.662
16932.322 99.554 -7554.644
16873.293 109.361 -7558.940
16794.207 121.199 -7558.051
16695.227 134.418 -7553.140
16615.758 142.224 -7550.425
16509.318 71.572 -7562.769
16419.314 30.505 -7576.590
16336.592 26.568 -7586.215
16120.466 138.568 -7643.404
16015.819 261.196 -7695.580
15999.059 282.432 -7703.834
16004.568 379.250 -7706.479
16103.000 390.314 -7711.041
16182.412 384.287 -7703.650
16260.705 376.083 -7689.763
16338.191 368.254 -7671.540
16395.492 364.771 -7654.116
16489.924 364.265 -7621.350
16572.742 338.407 -7592.974
16706.305 324.332 -7564.022
16814.379 409.100 -7541.658
16877.926 564.305 -7524.333
16857.123 701.828 -7516.655
16746.385 735.853 -7511.372
16499.402 848.389 -7501.589
16402.162 905.826 -7497.840
16297.665 948.940 -7496.605
16162.287 989.190 -7498.520
16049.918 984.791 -7501.611
15961.061 944.578 -7506.626
15851.808 773.275 -7516.783
15782.089 684.736 -7519.270
15799.276 607.152 -7521.208
15836.632 560.304 -7520.565
15927.566 482.669 -7513.007
16105.529 355.792 -7502.509
16177.469 320.863 -7504.433
16756.264 -58.030 -7488.760
16855.520 -74.540 -7491.529
16988.479 -120.481 -7501.554
17090.256 -168.973 -7509.929
17139.418 -283.082 -7523.936
17208.504 -391.039 -7535.101
17297.529 -436.360 -7535.101
17468.604 -483.160 -7535.101
17568.504 -484.036 -7535.101
17666.734 -465.987 -7535.101
17743.330 -442.942 -7535.101
17862.963 -440.378 -7538.440
18166.135 -586.140 -7560.972
18302.080 -647.729 -7550.866
18373.426 -723.753 -7542.497
18356.391 -935.828 -7553.935
18297.881 -1031.802 -7566.775
18320.457 -1129.221 -7566.775
18331.854 -1308.366 -7566.775
18294.334 -1428.798 -7575.105
18185.117 -1515.820 -7591.790
18084.715 -1566.773 -7602.362
17955.344 -1622.267 -7615.329
17849.055 -1659.526 -7625.702
17740.520 -1689.625 -7636.075
17604.104 -1724.587 -7649.041
17496.600 -1758.863 -7656.585
17380.477 -1772.477 -7662.136
17288.182 -1734.034 -7663.699
17087.607 -1804.325 -7664.078
16955.703 -1854.945 -7659.804
16792.842 -1901.064 -7649.255
16600.771 -1947.880 -7639.337
16404.027 -1965.928 -7635.813
16234.608 -1975.146 -7632.242
16036.901 -1980.168 -7625.797
15899.095 -1951.845 -7618.735
15770.155 -1895.213 -7611.103
15675.640 -1833.438 -7605.534
15575.550 -1734.590 -7597.163
15464.163 -1511.082 -7561.827
15405.094 -1383.180 -7554.210
15409.606 -1300.952 -7554.694
15439.764 -1205.622 -7556.386
15461.296 -1128.632 -7557.089
15499.035 -1012.583 -7557.158
15514.278 -789.672 -7560.887
15470.617 -656.603 -7569.057
15366.995 -564.254 -7579.974
15306.831 -486.317 -7579.974
15066.085 -362.213 -7581.424
15858.712 -746.566 -7173.676
15819.473 -942.908 -7191.695
15818.811 -1082.728 -7194.346
16184.094 -1002.390 -7156.279
16223.081 -1093.125 -7166.969
16248.771 -1202.851 -7176.910
16309.877 -1390.555 -7179.832
16769.043 -1352.100 -7181.120
16825.834 -1224.145 -7180.914
16867.248 -1111.678 -7183.920
16885.676 -1033.883 -7186.705
17229.719 -959.813 -7218.306
17344.924 -932.738 -7236.854
17443.207 -922.558 -7251.693
