0.000 0.000 0.000
717.315 -2087.947 225.551
486.903 -1870.708 179.522
429.282 -1816.381 168.196
207.883 -1892.233 122.841
214.802 -1810.055 132.970
214.802 -1810.055 132.970
218.916 -1570.490 146.426
229.565 -1492.637 161.440
246.092 -1375.933 183.960
257.455 -1297.486 194.771
273.738 -1139.117 209.430
286.436 -939.624 210.046
304.797 -760.567 211.170
306.837 -740.672 211.295
374.920 -245.770 223.199
379.609 -226.330 223.514
396.083 200.186 231.231
617.293 398.787 235.528
732.199 396.855 237.382
790.265 102.609 243.774
810.563 -75.978 253.402
816.419 -255.509 246.429
811.078 -394.893 234.726
797.044 -613.614 215.640
839.711 -950.115 210.285
980.559 -1343.348 241.337
1308.853 -1554.749 289.010
1733.459 -1426.629 324.675
1973.241 -1043.535 372.593
1809.206 -703.760 397.055
1606.480 -431.225 411.841
1436.424 25.857 408.234
1214.686 488.997 403.736
851.945 736.110 383.227
504.510 930.810 347.661
508.214 1482.202 300.346
451.212 1923.013 263.159
165.356 2140.515 231.044
392.071 2871.260 196.418
514.671 3269.989 195.711
181.658 3691.156 202.318
-259.362 4038.684 232.357
-365.641 3903.570 290.508
-365.607 3883.873 293.979
-359.360 3544.316 308.470
-354.133 3144.447 317.273
-364.554 2764.686 323.619
-388.488 2385.471 320.435
-383.840 1987.026 347.839
-371.692 1609.712 389.826
-355.670 1210.325 376.784
-340.461 831.178 356.382
-326.797 471.962 337.053
-327.565 92.592 315.370
-343.500 -306.338 291.515
-375.960 -644.263 272.773
-409.607 -962.023 255.591
-398.862 -1308.440 240.265
-419.429 -2205.084 259.788
-762.526 -2159.531 279.802
-864.960 -2033.951 283.777
-939.768 -1922.859 284.705
-996.640 -1607.522 284.301
-1165.413 -1548.228 284.062
-1147.147 -1308.934 286.279
-1187.101 -1307.013 286.279
-1335.709 -1139.765 286.762
-1294.979 -741.849 287.968
-977.668 -592.610 288.511
-981.232 -472.666 287.761
-996.585 -52.991 284.020
-1009.787 86.196 277.577
-1014.934 125.792 275.194
-1038.119 464.448 257.983
-1042.668 564.234 253.267
-1060.666 923.528 240.032
-1113.002 1258.362 242.711
-1146.356 1330.858 245.358
-1816.620 1338.063 239.630
-2049.393 1175.139 248.127
-2225.242 967.971 259.816
-2228.967 690.859 299.753
-2223.540 431.891 319.306
-2214.622 252.120 320.925
-2194.361 -167.384 323.120
-2177.622 -526.992 324.635
-2166.788 -906.606 336.894
-2161.464 -1306.309 351.236
-2167.555 -1686.239 353.772
-2175.141 -2006.010 344.478
-2183.201 -2345.732 333.291
-2266.198 -2360.877 385.215
-2465.295 -1920.511 504.324
-2450.931 -1526.950 558.083
-2860.577 -608.550 631.072
-2804.403 -588.310 636.972
-2075.562 -142.570 703.740
-1670.375 -300.916 769.124
-1144.202 -1057.438 804.691
-221.643 -1237.836 816.267
28.557 -791.104 794.579
-240.768 -451.353 816.766
-291.227 -117.160 853.766
-346.957 317.593 885.737
-355.696 756.995 866.620
-339.619 1276.617 855.912
-341.419 1636.596 854.099
-344.438 1976.579 852.733
-339.376 2376.381 843.874
-322.771 2715.316 822.838
-306.728 3014.159 801.943
-288.547 3352.847 778.261
-271.434 3671.613 755.973
