0.000 0.000 0.000
-1406.190 2946.808 553.699
0.000 0.000 0.000
894.062 1234.292 148.003
1211.011 1274.339 157.036
1627.322 1323.103 183.554
2045.835 1345.956 177.425
2405.008 1345.590 153.074
2848.958 1231.269 166.232
3242.783 913.327 188.683
3382.636 396.308 214.256
3331.725 -260.369 241.793
3280.999 -757.352 262.655
3323.910 -1568.152 301.992
3654.286 -2361.058 317.206
4109.434 -3175.409 316.807
4622.966 -3804.289 317.007
4999.381 -3557.405 309.948
5084.502 -3292.176 316.275
5156.184 -2981.399 341.435
5374.204 -2279.194 352.162
5638.736 -1784.223 315.673
5889.457 -734.580 280.738
5929.452 -336.732 272.369
5968.812 21.026 264.667
5917.760 328.530 251.180
5792.962 622.723 234.782
5651.625 931.842 229.745
5552.893 1335.787 209.745
5963.520 1750.028 163.977
6491.455 1671.811 124.080
7316.679 1525.043 126.163
8028.802 1465.427 213.314
9327.970 1630.083 363.592
10189.742 1749.364 383.068
10947.560 2018.638 364.258
10839.681 2408.491 344.905
10747.235 2841.011 344.897
10508.802 2942.380 350.333
10121.425 3040.974 350.180
9287.952 3140.125 347.205
8830.327 3186.688 349.786
8083.777 3099.331 250.870
7792.431 3103.910 213.298
7417.911 3161.787 187.096
7003.216 3227.393 179.868
6522.149 3237.100 192.317
6146.997 3418.709 209.165
5787.926 3844.973 227.264
5741.575 4282.170 233.087
5708.160 4660.585 238.723
5680.688 5119.441 251.885
5663.806 5618.582 275.786
5648.274 6077.751 298.617
5652.558 6596.827 322.725
5691.771 7255.390 340.938
5728.285 7793.911 353.676
6103.810 8246.324 368.533
6763.716 8574.691 399.026
7326.495 9059.216 438.305
7517.252 9790.920 456.799
7830.879 11129.595 430.312
8268.295 11326.684 416.608
8851.839 11532.419 402.511
9737.583 11779.179 392.435
10657.652 12138.434 401.574
11363.066 12607.088 400.875
11260.351 13438.912 406.281
11083.349 14262.899 402.421
11089.581 15042.592 418.805
11144.657 15719.979 421.013
11223.483 16716.660 424.747
11214.442 17636.170 443.824
11192.438 18335.564 462.397
10713.865 17564.371 1375.636
10802.251 16816.260 1822.207
10855.164 16135.240 1993.783
10863.358 15590.570 1868.101
10840.918 14947.021 1733.089
10846.510 14207.870 1752.328
10935.497 13702.745 1668.550
10549.383 13757.427 1419.876
10203.075 13853.850 1203.394
9792.121 13878.866 868.877
9473.247 13842.882 604.555
9212.299 13817.138 506.693
8931.849 13777.748 407.894
8727.157 13742.388 335.442
8497.867 13700.038 283.696
8478.603 13331.940 276.592
9177.361 12867.325 73.244
9668.119 12792.932 -29.081
9065.939 12761.977 27.401
8773.673 12792.824 43.738
8495.356 12797.078 44.287
8198.462 12817.473 69.359
7389.487 13199.867 118.494
6821.487 13650.594 142.376
6606.601 14055.289 182.597
6284.421 14673.738 243.681
5729.847 15323.124 166.354
5741.261 16256.585 101.162
5877.014 16760.695 213.269
6149.862 17403.930 281.546
6105.184 17940.021 328.338
6081.699 18856.582 381.279
6033.751 19649.834 395.914
5602.975 19660.918 453.645
5380.301 19432.801 470.426
4786.266 19021.740 419.939
4650.365 18655.092 346.274
4628.280 18240.383 285.705
4526.390 17802.822 177.967
4297.101 17551.773 154.258
4281.288 17313.279 175.864
4258.267 16994.559 169.642
4742.075 16259.707 116.657
4721.179 16000.655 124.181
4682.771 15602.526 122.856
4662.390 15423.726 125.990
4288.461 15135.682 111.277
4268.869 14876.440 102.745
4226.740 14599.446 99.617
3585.094 14277.006 108.701
3268.630 14305.047 140.875
2910.846 14287.912 169.147
2511.693 14222.737 159.112
2033.315 14227.371 134.744
1860.729 14105.486 120.927
1838.127 13807.604 102.970
1773.966 13379.846 64.125
1897.776 13198.562 49.756
2051.530 12924.712 41.014
1956.092 12752.991 65.625
1795.125 12651.737 86.985
1559.915 12754.100 96.294
1314.933 12989.325 98.530
1023.057 13394.789 99.520
609.720 13852.345 155.006
268.800 14084.411 189.828
-67.097 14104.813 209.903
-267.256 13979.178 215.786
-397.686 13778.110 223.413
-518.784 13571.063 231.481
-652.208 13325.330 227.286
-780.175 13102.532 187.720
-914.040 12881.587 159.417
-1104.592 12707.282 154.395
-1383.557 12609.518 155.331
-1698.003 12718.389 149.736
-1973.783 13060.246 143.624
-2300.625 13490.058 137.837
-2682.436 13861.733 145.726
-3012.718 13892.104 164.632
-3290.864 13735.579 183.097
-3480.756 13532.745 179.265
-3621.093 13314.867 158.423
-3750.503 13113.668 139.132
-3981.324 12815.213 116.908
-4336.705 12802.735 110.213
-4841.663 13195.368 98.422
-5181.020 13531.403 84.574
-5410.892 13952.652 84.906
-5612.929 14446.042 133.707
-5675.812 15080.083 188.815
-5637.735 15538.142 201.963
-5566.862 16274.463 221.653
-5532.812 16732.889 238.579
-5531.074 17231.945 255.158
-5609.041 17664.727 267.708
-5694.334 18177.627 275.543
-5852.819 19083.689 291.175
-6240.006 19870.896 309.710
-6918.958 20149.049 239.534
-7087.563 19954.943 213.315
-7178.553 19755.260 222.421
-7223.355 19581.420 234.814
-7269.861 19326.615 256.064
-7357.989 18795.762 301.000
-7391.900 18599.199 315.658
-7429.203 18382.980 331.783
-7475.710 18107.783 354.234
-7525.232 17731.990 376.189
-7518.585 16961.154 263.169
-7509.271 16682.695 237.786
-7501.257 16463.082 227.447
-7492.515 16223.504 216.169
-7482.175 15903.948 203.810
-7479.226 15643.962 203.564
-7476.560 15403.974 203.626
-7575.949 14985.658 194.040
-7777.662 14712.233 186.813
-8250.438 14416.656 192.859
-8872.398 14097.033 197.783
-9545.758 14018.552 192.173
-10230.376 14381.771 197.668
-10720.160 14282.824 215.477
-11476.500 14568.770 247.978
-11970.711 14355.580 286.061
-12429.099 14116.850 341.879
-12784.183 13912.508 434.290
-13371.522 13576.688 668.343
-14055.221 13311.256 1174.993
-14975.688 13248.130 1193.285
-15271.618 12731.619 1126.293
-15499.920 12203.795 1057.152
-15414.880 11865.286 961.498
-15249.786 11730.945 906.070
-15036.060 11605.727 828.675
-14756.875 10966.236 589.615
-14505.577 10708.702 470.853
-14192.132 10670.842 381.225
-13986.115 11155.653 287.459
-13673.783 11456.033 254.669
-13379.350 11677.398 267.815
-13169.127 11770.779 291.244
-12759.581 11886.411 382.347
-12493.232 11945.198 470.633
-12105.324 11952.894 559.142
-11826.357 11972.111 555.216
-11590.439 11987.668 515.908
-11337.588 11983.057 456.920
-11006.971 11949.863 385.155
-10694.863 11915.833 323.284
-10442.819 11873.059 277.147
-10228.066 11831.302 253.998
-9954.812 11776.661 226.677
-9662.122 11717.291 198.235
-9395.712 11635.032 180.899
-9164.531 11517.122 168.875
-8917.039 11428.165 160.343
-8670.842 11264.510 159.434
-8457.285 10679.583 163.172
-8487.557 10361.051 167.029
-8570.850 9888.848 178.994
-8654.588 9477.456 191.105
-8814.777 9004.623 176.192
-9113.191 8510.388 151.370
-9457.347 8018.972 150.224
-9789.261 7519.798 154.467
-9952.989 7027.158 155.110
-10089.974 6402.240 137.992
-10219.190 5796.123 120.883
-10281.066 5279.958 113.959
-10332.683 4703.376 146.781
-10202.325 3958.378 162.527
-10567.083 3211.150 142.416
-11105.194 3061.374 140.236
-11679.896 2606.570 160.557
-11237.368 2411.639 182.915
-10822.540 2487.428 200.477
-10096.619 2381.223 213.795
-9501.674 2256.450 223.327
-9056.293 1739.814 227.343
-9546.508 2403.992 357.054
-10117.917 2614.090 449.855
-10869.616 2805.906 511.004
-11493.014 3073.439 521.966
-12068.000 3353.454 520.285
-12604.305 3400.940 525.469
-13143.497 3429.741 522.447
-13690.375 3219.102 533.043
-13864.155 2406.475 530.706
-13667.697 2238.704 525.135
-13527.964 2234.087 528.854
-13348.740 2248.757 533.490
-12393.688 2335.694 576.235
-11859.223 2369.695 552.532
-11662.187 2367.218 518.601
-11407.810 2337.334 475.738
-11178.854 2291.893 420.910
-10895.100 2225.686 349.510
-10648.672 2159.075 307.649
-10436.049 2048.112 314.025
-10093.492 1720.612 303.714
-9941.758 1329.371 288.016
-9814.636 846.326 281.984
-9727.581 374.313 280.992
-9626.826 -318.310 288.767
-9590.152 -855.928 299.288
-9589.520 -1335.776 311.317
-9588.834 -1855.611 324.349
-9587.858 -2595.376 342.894
-9587.357 -2975.256 352.418
-9201.236 -3848.222 398.636
-8783.266 -3944.075 395.186
-8607.172 -3837.402 386.115
-8492.636 -3650.601 381.911
-8139.125 -2934.302 359.883
-7904.152 -2405.555 329.662
-7737.397 -1998.648 314.900
-7447.598 -1313.973 293.742
-7217.027 -1059.013 272.973
-6885.696 -920.360 252.125
-6536.393 -727.487 249.298
-6412.745 -443.748 239.871
-6503.799 25.319 233.510
-6323.885 244.723 224.033
-6190.969 445.054 220.183
-5994.130 478.875 221.642
-5566.859 404.978 248.642
-5143.590 305.738 304.554
-4943.563 419.397 311.638
-4705.354 843.548 336.337
-4338.984 1002.537 350.851
-4098.147 1100.456 353.844
-3796.000 1204.017 341.938
-3488.037 1150.805 323.858
-3203.310 1243.124 303.899
-2974.643 1310.653 276.986
-2642.850 1364.699 229.748
-2347.047 1402.365 197.474
-1961.184 1595.340 155.554
-1750.847 1708.601 144.914
-1536.955 1758.195 144.414
-1340.095 1793.495 144.790
-1084.097 1838.903 144.790
-845.958 1867.268 136.684
-586.385 1869.064 125.130
-130.281 1726.245 108.330
746.993 1434.528 125.462
1179.040 1362.928 165.840
1735.323 1336.334 215.154
2257.845 1403.984 246.386
2994.803 1507.095 319.277
3628.455 927.386 436.822
4074.713 726.350 511.729
4782.704 1387.279 554.818
3406.620 3821.796 296.939
3080.708 3914.104 269.750
2767.557 3976.591 251.858
2430.561 4019.386 239.544
2060.227 4092.233 237.108
1825.337 4244.300 246.759
1562.849 4337.885 235.493
1254.908 4422.314 214.427
1004.742 4492.369 204.856
690.711 4552.677 200.328
236.807 4627.171 196.737
-141.587 4658.573 206.572
-480.711 4680.495 217.270
-819.835 4702.417 227.969
-1239.108 4723.817 236.308
-1698.957 4734.834 232.188
-2018.852 4742.498 229.280
-2498.566 4748.406 217.558
-2955.093 4797.418 195.983
-3512.722 4685.371 173.713
-4268.950 4744.857 192.298
-4718.759 4775.273 232.442
-5002.249 5014.010 249.146
-5256.414 5443.708 272.592
-5729.403 5573.352 276.424
-5980.421 5909.041 251.982
-6535.440 6702.340 147.898
-6412.456 6907.682 132.023
-6300.565 7096.943 139.815
-6127.049 7315.419 154.022
-5955.117 7535.377 168.276
-5704.862 7967.885 173.808
-5433.416 8434.564 178.546
-5259.395 8749.420 181.959
-5139.728 9045.784 170.737
-4919.375 9489.540 157.293
-4542.151 9930.081 160.927
-4165.279 10370.830 170.638
-3967.534 10467.163 171.914
-3517.269 10626.862 161.820
-2724.911 10722.137 121.867
-2349.662 10675.545 117.059
-1656.250 10486.597 134.427
-1266.919 10399.787 163.653
-728.349 10365.070 169.450
8.310 10234.876 138.135
898.559 10436.299 100.147
1755.947 10486.074 114.284
2170.532 10445.775 137.151
2550.445 9586.126 207.768
2319.036 8991.177 212.464
1908.466 8962.027 132.282
1430.840 8793.062 58.576
1191.923 8773.722 46.571
812.716 8772.766 48.115
216.123 8834.181 65.043
-182.996 8845.482 78.700
-862.402 8835.411 104.073
-1461.790 8825.894 128.658
-2459.048 8757.277 118.669
-3372.540 8419.771 20.306
-3587.026 7894.691 -10.367
-3582.564 7655.473 -29.125
-3487.814 7377.975 -37.294
-3252.642 7030.163 -41.169
-2834.307 6614.799 -52.917
-2606.062 6544.297 -63.468
-2368.898 6512.783 -80.668
-2109.573 6512.589 -95.860
-1789.906 6525.800 -98.911
-1610.016 6528.954 -93.521
-1370.158 6532.827 -86.220
-1130.300 6536.700 -78.920
-790.553 6542.187 -67.052
-451.653 6563.558 -56.640
-196.545 6613.559 -53.918
38.664 6661.219 -51.630
532.067 6737.779 -44.511
831.451 6721.914 -39.245
1308.387 6522.667 -37.509
1317.129 5984.698 -51.557
1302.327 4548.792 217.630
3470.717 1826.769 2062.267
4424.054 2164.602 2392.429
5017.006 2683.233 2343.473
5505.937 3274.728 2203.980
6223.970 4333.080 2007.044
6877.333 5716.592 1943.417
7085.870 6353.325 2055.370
7181.944 7285.275 2026.540
7200.000 8044.889 2024.356
6886.079 8883.271 2048.229
5785.316 10329.259 2135.432
5153.725 12258.198 2006.715
4495.065 12553.950 1969.077
3452.154 13076.966 1941.082
2593.124 13398.979 1928.712
1829.164 13394.994 1996.146
843.807 13472.562 2113.911
-171.677 13379.606 2071.304
-1518.661 13742.921 1503.397
-2368.090 13638.960 1252.936
-3261.563 13627.303 1102.441
-4074.254 13779.447 1167.211
-4342.030 14335.142 1632.334
-5113.504 14487.863 1627.549
-5107.699 15121.706 1557.027
-5164.391 15301.797 1315.821
-6149.029 15623.862 1175.822
-6654.521 15227.705 1210.264
-6990.130 14783.416 1261.159
-7336.448 14296.596 1315.147
-7573.880 13912.142 1359.547
-7440.974 13390.139 1385.960
-7385.525 12896.808 1410.945
-7382.893 12457.452 1434.436
