0.000 0.000 0.000
352.128 105.855 -0.362
413.499 -61.120 6.458
461.829 -220.020 5.042
641.792 -217.632 7.176
821.742 -213.994 9.310
1099.327 -242.482 11.271
1237.792 -255.284 16.734
1337.324 -249.925 24.152
1473.342 -89.114 38.547
1445.653 139.486 46.547
1277.821 387.702 59.633
1242.128 405.092 64.485
1064.003 493.269 86.493
806.397 515.032 88.025
26.834 491.585 99.511
-352.953 480.162 105.107
-792.136 458.178 100.903
-1206.859 321.505 73.729
-1333.281 -131.076 57.101
-1515.336 -211.453 74.514
-1730.172 -251.085 96.932
-1887.674 -241.343 104.587
-2044.840 -125.663 94.348
-2085.140 64.183 129.964
-2082.819 220.892 218.288
-2100.799 432.438 329.540
-2122.851 632.568 418.155
-2091.150 869.039 519.129
-1921.134 1064.398 517.898
-1630.564 1137.263 253.280
-1532.038 1176.962 162.609
-1266.869 1313.043 -73.055
-1136.288 1383.846 -174.658
-974.535 1477.961 -290.265
-745.738 1554.650 -376.675
-658.648 1661.574 -376.675
-444.236 1605.528 -421.659
-204.380 1492.690 -481.795
-40.347 1566.550 -481.795
226.722 1448.189 -482.639
329.988 1371.129 -475.986
360.568 1172.091 -465.651
298.186 982.330 -471.143
-1791.776 2169.235 -640.088
-1706.721 2456.550 -640.088
-892.929 2837.998 -834.317
-209.625 3271.886 -915.845
234.207 3300.993 -989.858
1173.128 2744.047 -1267.108
1841.880 2038.680 -1450.609
1503.038 1101.731 -1233.810
1355.722 1039.449 -1238.154
1222.539 997.766 -1239.672
1043.445 984.295 -1238.579
823.462 985.708 -1238.618
555.644 911.910 -1271.686
141.663 889.204 -1304.825
974.390 463.520 -1315.384
4649.854 -791.789 -2508.427
4494.156 -1049.259 -2731.616
4526.777 -1195.948 -2796.578
4752.504 -1333.677 -2844.735
4976.675 -1404.877 -2873.364
5196.828 -877.938 -2906.641
5354.254 -717.914 -2908.606
5503.948 -738.116 -2905.031
5954.414 -781.351 -2828.020
6220.891 -890.260 -2769.491
6353.181 -1001.338 -2749.341
6422.569 -1161.273 -2729.801
6085.625 -1266.500 -2668.058
5958.138 -1308.337 -2628.097
5865.817 -1336.723 -2602.338
5176.681 -1058.439 -2607.076
5083.651 -1273.088 -2653.021
5076.329 -1431.658 -2671.510
5098.578 -1669.877 -2690.387
5101.069 -2148.687 -2721.693
5100.196 -2268.429 -2729.503
5099.032 -2428.086 -2739.917
5098.013 -2567.785 -2749.030
5096.704 -2747.398 -2760.745
5095.685 -2887.097 -2769.858
5094.230 -3086.668 -2782.875
5091.320 -3485.808 -2808.910
5090.010 -3665.422 -2820.626
5086.858 -4003.244 -2796.673
5052.832 -4231.605 -2677.465
4952.614 -4420.818 -2529.975
4866.674 -4580.363 -2449.178
4767.350 -4749.735 -2413.005
4582.142 -4896.719 -2399.749
4367.545 -4939.499 -2383.681
4074.226 -4766.856 -2360.198
3927.662 -4484.305 -2233.830
3979.807 -4275.631 -2054.806
4068.860 -4077.603 -1959.016
4245.081 -3864.878 -1919.458
4460.752 -3763.750 -1890.369
4650.656 -3715.339 -1930.138
4808.273 -3709.690 -1949.429
4967.624 -3720.718 -1958.545
5185.881 -3745.927 -1963.857
5462.500 -3941.478 -1978.168
5614.946 -4069.512 -1997.326
5756.458 -4259.850 -2016.505
5737.560 -4773.176 -2096.540
5729.259 -4930.977 -2121.629
5722.364 -5088.981 -2145.738
5725.526 -5287.484 -2169.787
5752.728 -5521.364 -2214.747
5872.893 -5699.112 -2256.887
5985.337 -5739.449 -2268.251
6211.073 -5818.329 -2288.752
6360.102 -5874.561 -2303.172
6641.238 -5956.409 -2347.049
6910.048 -5888.221 -2377.084
7097.041 -5772.465 -2382.874
7108.827 -5614.947 -2400.092
7092.141 -5516.568 -2405.690
7067.668 -5399.194 -2406.673
7021.152 -5225.509 -2398.308
6979.803 -5051.097 -2382.468
6968.839 -4856.168 -2339.258
6965.745 -4680.817 -2298.734
6971.382 -4524.788 -2263.874
6994.415 -4290.632 -2216.607
7012.766 -4094.211 -2184.114
7027.827 -3915.460 -2169.781
7037.649 -3795.963 -2164.948
7055.664 -3576.804 -2158.264
7045.627 -3300.080 -2120.331
7026.221 -3064.574 -2078.366
6483.688 -1877.877 -1931.252
6355.293 -2183.449 -1935.204
6237.836 -2207.694 -1939.233
6143.100 -2245.597 -1940.080
6085.846 -2377.969 -1940.317
5807.118 -2403.604 -1937.542
5687.368 -2411.172 -1936.009
5488.160 -2424.740 -1945.487
5349.169 -2436.613 -1957.323
5191.274 -2460.060 -1967.006
4999.604 -2398.691 -1972.667
4842.238 -2420.964 -1975.232
4682.387 -2414.097 -1975.652
4563.860 -2395.650 -1972.330
4380.320 -2322.119 -1963.020
4241.440 -2209.503 -1952.780
4013.221 -1957.792 -1941.050
3877.244 -1811.360 -1934.933
3723.153 -1719.264 -1929.950
3533.411 -1661.488 -1917.354
3258.953 -1617.956 -1885.589
3114.964 -1659.592 -1829.690
2962.398 -1721.676 -1757.510
2753.459 -1823.729 -1641.273
2569.995 -1688.941 -1588.081
2473.386 -1825.584 -1522.232
2373.713 -1983.195 -1449.953
2134.508 -2142.066 -1370.450
2110.468 -2285.559 -1347.666
2232.847 -2434.795 -1327.993
2365.748 -2522.544 -1314.024
2870.185 -2640.156 -1269.374
3103.659 -2717.218 -1245.689
3305.078 -2774.756 -1236.779
3312.739 -2952.152 -1214.128
3314.713 -3203.290 -1149.871
3327.261 -3394.657 -1093.118
3316.551 -3624.501 -1026.833
3285.464 -3795.495 -980.132
3227.217 -4022.762 -931.128
3152.108 -4248.675 -901.143
3094.168 -4438.887 -881.550
3085.672 -4675.175 -847.782
3044.300 -4937.757 -793.166
2844.318 -5025.804 -775.359
2668.856 -4930.496 -776.541
2605.653 -4784.517 -786.722
2638.186 -4591.556 -787.223
2678.747 -4438.143 -770.600
2694.505 -4227.413 -711.902
2671.302 -3926.309 -606.853
2627.105 -3721.697 -539.586
2516.130 -3516.208 -496.705
2335.378 -3445.419 -470.868
2139.586 -3420.381 -440.056
1923.329 -3400.127 -405.096
1766.084 -3385.884 -379.194
1609.048 -3372.263 -351.764
1376.008 -3359.440 -296.860
1202.975 -3368.188 -249.760
1011.348 -3406.399 -207.488
778.595 -3455.405 -178.621
479.495 -3364.896 -173.941
192.198 -3400.371 -156.668
35.969 -3598.514 -140.600
246.690 -3658.375 -120.339
624.465 -3768.193 -54.234
664.039 -3948.978 -21.429
148.472 -3827.221 79.728
44.606 -3662.724 104.503
21.106 -3504.474 106.609
-3.698 -3326.208 108.980
-48.006 -3151.832 107.368
-174.202 -3027.132 107.731
-331.451 -2945.535 129.408
-573.459 -2858.367 166.010
-766.983 -2820.010 176.337
-925.822 -2825.611 188.715
-1150.385 -2873.135 255.461
-1369.814 -2931.183 325.407
-1568.929 -2935.062 343.502
-1793.899 -2896.279 360.605
-1877.841 -2740.458 379.893
-1905.170 -2523.713 400.344
-1771.015 -2302.176 389.573
-1603.327 -2127.299 368.409
-1357.767 -2193.633 368.409
-1530.912 -3408.315 498.709
-1516.315 -3586.871 514.886
-1494.523 -3784.671 534.876
-1470.644 -4042.216 561.151
-1462.113 -4221.688 571.960
-1452.225 -4441.282 580.848
-1449.756 -4561.194 584.678
-1451.100 -4701.120 588.779
-1455.468 -5040.647 604.716
-1447.413 -5432.049 684.422
-1444.892 -5645.417 737.000
-1492.078 -5859.448 754.656
-1534.019 -6272.078 818.591
-1663.402 -6363.708 834.819
-1868.585 -6435.607 863.189
-2845.448 -7077.651 896.321
-3259.207 -7022.801 850.923
-3837.779 -6895.602 783.672
-4214.262 -6882.404 744.364
-4215.903 -6902.063 747.655
-4309.769 -7329.051 826.044
-4594.077 -7553.061 863.271
-4594.077 -7553.061 863.271
-3244.658 -6311.412 689.669
-3219.351 -5941.812 494.259
-3175.228 -5561.095 390.158
-3162.206 -5462.089 385.207
-3117.207 -5422.611 389.283
-2692.729 -4636.721 406.334
-2658.397 -4219.146 400.803
-2697.525 -3782.094 372.766
-2779.788 -3497.786 364.521
-2941.412 -3026.156 365.006
-3223.599 -2614.300 372.622
-3509.305 -2088.459 408.359
-3758.784 -1702.526 418.556
-3606.481 -1376.713 414.688
-3354.136 -1020.890 447.255
-3063.974 -540.935 495.040
-2907.111 -549.714 511.693
-2640.777 -818.108 499.042
-2450.070 -1022.029 478.883
-2905.117 -1749.345 131.158
-3150.441 -1975.487 4.458
-3129.293 -2509.303 -180.292
-3129.293 -2509.303 -180.292
-1429.957 -1437.715 166.340
-978.826 -1410.421 96.471
-887.645 -1257.669 117.303
-661.926 -838.156 166.707
-358.726 -523.565 128.022
-162.671 -123.555 74.667
2321.449 864.646 -1820.413
2178.989 735.075 -2215.974
2078.297 458.620 -2532.026
2311.981 124.789 -2666.672
2375.898 81.265 -2668.233
2153.912 -224.578 -2692.159
2153.912 -224.578 -2692.159
4571.799 -3675.192 -1566.619
4599.814 -4194.242 -1863.890
4573.807 -4664.492 -2083.149
4547.790 -5107.924 -2200.721
4290.727 -5523.810 -2239.126
9532.946 -5045.642 -1252.671
8999.350 -4105.308 -2008.966
8661.299 -4131.011 -2315.790
8235.095 -4102.218 -2589.508
7930.035 -4192.561 -2819.083
7898.351 -4743.377 -3039.328
8433.353 -5208.239 -3173.912
8768.401 -5781.592 -3290.355
8947.364 -6023.631 -3318.192
8973.540 -5530.346 -3318.192
9651.498 -4819.572 -3318.192
9652.924 -4241.784 -3447.563
9440.997 -3919.865 -3539.885
9119.371 -3859.248 -3549.654
8832.569 -3911.083 -3419.290
7212.625 -4123.230 -2059.310
7098.243 -3700.254 -2038.017
5152.814 -5366.293 -1356.941
4659.356 -5484.512 -1469.393
4376.961 -5577.327 -1472.939
4231.162 -6194.677 -914.076
3859.626 -6225.569 -929.084
5171.956 -6646.421 -782.653
5172.912 -7047.023 -556.671
5159.042 -7404.533 -431.445
6762.188 -7263.239 -650.158
7036.461 -7163.177 -715.061
4189.937 -7177.951 5.896
3979.053 -6894.543 -17.160
3270.006 -6272.099 788.237
2766.730 -6120.076 729.202
2452.335 -6100.034 783.353
-933.636 -6645.972 995.540
-1514.468 -6242.072 975.872
-1631.337 -5758.668 888.089
-1375.706 -5050.540 692.402
-1337.785 -4581.629 577.546
-1453.294 -4128.115 573.785
-1483.348 -3593.687 631.541
-1456.724 -3178.897 666.858
-1529.257 -2498.895 642.268
-1597.945 -2166.896 622.506
-2600.997 -1163.286 560.002
-3032.671 -758.055 555.604
-3162.354 -730.276 555.078
-2939.619 -3647.049 593.621
-2540.854 -3910.815 565.295
-3192.254 -4904.068 496.418
-3189.489 -5254.688 416.210
-3166.832 -5471.507 386.623
-3163.086 -5690.240 366.356
-3173.460 -5889.247 368.368
-3184.390 -6025.248 399.402
-2942.151 -7136.461 778.614
-1750.691 -5990.679 1007.662
-1663.518 -6215.817 911.174
