0.000 0.000 0.000
-2258.745 2533.675 1033.594
-2315.085 2748.143 901.186
-2338.185 2955.845 833.039
-2392.022 3238.708 753.610
-2554.396 3456.515 694.105
-2737.131 3660.852 637.054
-3107.372 4074.989 572.771
-3368.806 4291.138 555.563
-3720.577 4613.197 538.701
-3630.929 4919.539 535.882
-3402.813 5109.955 504.757
-3109.560 5316.213 478.072
-2806.330 5544.479 482.722
-2661.817 5867.350 499.305
-2572.348 6256.466 522.425
-2548.978 6765.325 552.725
-2490.454 7427.159 555.924
-2942.272 7880.137 565.047
-3302.863 8351.164 634.553
-3258.134 8707.228 676.650
-3025.188 8810.543 672.856
-2604.076 9036.821 681.687
-2577.841 9690.628 679.351
-2671.831 10443.628 640.630
-2735.597 11039.408 649.551
-2784.293 11616.859 673.713
-2831.311 12174.398 697.043
-2848.640 12832.471 737.869
-2997.053 13579.832 762.360
-2498.742 13932.612 730.439
-2108.529 14348.136 724.576
-1450.255 14358.862 726.204
-930.322 14358.050 717.839
-250.470 14352.990 707.084
447.321 14299.113 707.605
1213.716 14426.034 693.652
1808.094 14358.986 728.660
2517.331 14331.767 848.104
3648.298 14391.278 970.400
4434.927 14511.870 1004.881
5033.461 14377.412 973.750
5724.613 14524.834 929.636
6461.607 14533.314 879.889
7175.989 14990.417 887.268
7921.341 14779.271 902.027
8708.937 14953.756 928.011
9805.956 14926.967 982.174
10241.543 14638.080 1013.515
10621.836 14240.111 1000.850
10962.471 13828.151 973.322
10988.168 13467.653 964.911
11088.285 13020.162 962.278
11261.919 12427.395 945.374
11222.805 11969.434 929.727
11199.208 11490.284 919.355
11105.165 10893.025 904.347
11133.926 10374.440 890.896
11117.855 9835.208 890.538
10834.033 8598.339 964.599
11223.812 8176.235 964.472
11872.654 7844.679 955.176
12816.587 7680.647 933.371
13805.981 7720.146 892.166
14788.970 7692.230 858.990
15567.402 7378.536 829.513
16160.550 6914.236 813.581
16412.652 6266.105 888.386
16300.049 5900.549 989.334
16182.435 5538.528 1052.914
16081.906 5270.015 1045.894
15907.873 4759.693 1016.932
15698.008 4607.286 1001.716
15428.752 4476.071 984.946
15138.721 4341.425 993.216
14806.539 4203.350 1002.446
14452.460 4065.564 1008.887
14206.125 3982.737 1009.862
13870.098 3938.103 995.898
13331.976 3741.746 1016.611
13062.771 3610.633 1015.371
12887.752 3569.610 1012.530
12610.758 3529.364 1011.780
12312.896 3493.795 1014.874
12073.985 3474.064 1023.857
11774.870 3476.903 1036.900
11536.809 3469.576 1013.399
11288.606 3459.944 938.529
11047.814 3450.483 840.924
10769.954 3439.565 728.360
10555.362 3434.835 684.214
10336.449 3437.205 662.741
10017.107 3439.979 650.564
9797.993 3435.370 668.443
9639.001 3430.351 685.639
9460.135 3424.704 704.985
9121.332 3420.604 727.806
8881.558 3423.873 719.913
8621.895 3427.411 707.299
8382.141 3430.678 697.006
8142.410 3435.287 686.652
7782.845 3435.777 672.520
7583.138 3426.929 666.305
7323.359 3429.230 659.752
7083.547 3437.099 654.492
6803.641 3442.801 650.493
6543.705 3447.359 647.177
6224.762 3424.414 641.317
5994.048 3405.862 634.136
5619.878 3218.879 617.106
5301.726 3035.327 600.339
5283.863 2473.009 686.130
5515.812 2165.664 821.545
5926.800 2012.576 1016.605
6813.100 1779.402 1281.492
7135.485 1696.375 1350.531
7739.040 1454.972 1461.659
8207.195 1168.784 1552.040
8333.782 907.806 1604.991
8303.189 631.582 1629.327
8336.459 307.974 1655.099
8647.374 -30.100 1679.064
9012.020 -302.881 1719.391
9382.559 -444.090 1761.747
9726.264 -543.951 1800.415
10533.477 -625.218 1855.914
11256.315 -659.242 1889.608
11522.870 -955.917 1868.738
11738.892 -1288.946 1832.943
12207.375 -1754.537 1841.224
13029.575 -1883.816 1904.973
13442.179 -1808.218 1923.821
13928.328 -1693.430 1942.511
14727.977 -1246.502 1975.239
15138.146 -895.949 1957.134
15655.261 -456.262 1917.204
16151.799 -220.088 1856.601
16848.586 -383.973 1843.034
17493.801 -914.362 1784.923
17830.498 -1489.145 1692.881
17860.350 -1985.275 1641.653
17908.461 -2641.894 1632.297
17929.240 -3098.538 1683.194
17894.969 -3615.391 1721.897
17816.854 -4189.892 1736.825
17716.963 -4922.715 1755.918
17567.107 -6031.140 1792.346
17421.764 -6464.934 1753.267
17186.781 -7047.720 1632.163
16964.703 -7432.004 1515.737
16743.336 -7671.413 1419.904
16390.311 -8076.221 1454.565
16086.272 -8653.038 1428.186
15922.974 -9144.906 1385.998
15741.445 -9565.233 1370.521
15423.711 -10202.575 1352.925
15177.781 -10655.800 1353.520
15027.343 -10604.251 1339.685
14818.579 -10487.924 1320.197
14646.769 -10386.672 1305.060
14385.494 -10240.717 1284.887
14169.262 -10137.914 1268.302
13882.666 -9997.835 1243.800
13771.146 -9915.625 1225.965
13623.528 -9783.452 1199.047
13489.254 -9638.581 1170.777
13404.363 -9460.231 1142.253
13341.848 -9314.638 1120.037
13252.570 -9146.861 1063.444
13156.185 -8965.572 941.653
13054.648 -8577.717 580.872
13093.270 -8250.501 406.639
13031.631 -7534.176 391.743
12925.024 -7283.844 378.892
12776.738 -7185.585 371.154
12407.740 -7097.922 359.911
11961.707 -6845.597 405.838
11505.382 -6627.783 464.883
11200.507 -6484.105 504.921
10978.072 -6507.515 544.869
10589.400 -6642.399 626.751
10313.524 -6669.194 664.969
10074.300 -6672.969 669.090
9838.309 -6634.114 650.756
9569.992 -6487.800 642.094
9330.713 -6469.943 636.950
8886.774 -6313.812 597.747
8709.815 -6294.145 571.446
8434.302 -6258.161 536.932
8124.027 -6259.026 507.659
7876.559 -6123.646 485.585
7642.015 -5979.219 470.161
7409.126 -5929.622 464.720
7096.089 -5985.633 470.100
6603.207 -5876.066 483.582
6277.560 -6047.491 499.190
5822.245 -6488.501 496.953
5548.998 -6541.438 474.338
5286.769 -6482.469 449.704
5026.492 -6381.373 434.631
4913.918 -6182.750 427.828
4884.806 -5803.891 423.206
4866.348 -5544.566 420.044
4799.623 -5109.385 402.565
4814.708 -4866.060 396.708
4661.462 -4629.438 388.277
4439.196 -4412.914 383.289
4125.225 -4467.626 379.457
3520.353 -4274.524 383.302
3353.090 -4470.217 404.975
3191.839 -4713.646 470.940
3035.690 -4969.630 582.676
2852.971 -5258.912 694.343
2657.447 -5564.813 806.577
2445.321 -5858.979 919.668
2212.409 -6167.569 1022.170
1973.312 -6518.835 1134.078
1766.515 -6909.659 1260.904
1564.210 -7403.731 1333.265
1391.841 -7871.799 1367.496
1010.956 -8794.710 1420.433
582.939 -9083.647 1464.849
166.526 -9042.722 1499.760
-177.953 -8955.086 1522.859
-373.847 -8855.077 1518.401
-607.770 -8744.549 1496.987
-742.846 -8634.939 1452.948
-822.696 -8515.173 1384.146
-891.243 -8398.165 1299.286
-959.504 -8186.019 1170.348
-971.044 -8071.732 1135.733
-985.568 -7918.735 1091.229
-1000.412 -7767.285 1041.812
-1021.862 -7596.474 989.450
-1043.878 -7440.201 963.630
-1075.492 -7244.478 937.459
-1119.740 -7093.927 907.660
-1173.335 -6914.459 837.923
-1222.415 -6688.890 718.560
-1242.301 -6451.125 573.578
-1083.657 -6281.301 466.031
-1108.929 -6012.411 332.652
-1326.261 -5920.806 326.099
-1603.581 -5883.167 430.867
-1907.223 -5900.232 619.919
-2194.305 -6003.535 710.898
-2506.870 -6134.439 733.320
-2780.734 -6245.878 683.744
-3124.899 -6344.346 658.589
-3453.766 -6074.193 623.738
-3402.624 -5800.950 608.881
-3279.741 -5647.171 593.535
-3239.251 -5451.317 564.921
-3044.605 -5290.211 530.728
-2928.444 -5147.888 496.257
-2765.831 -5016.456 475.531
-2747.104 -4680.687 462.107
-2914.539 -4452.835 452.470
-3111.592 -4316.535 462.202
-3361.219 -4192.605 487.415
-3599.498 -4099.318 533.092
-3837.165 -4015.607 596.875
-4160.355 -3908.966 712.847
-4442.184 -3830.005 842.158
-5016.857 -3822.082 1064.368
-5420.698 -3912.986 1212.263
-5764.400 -4040.938 1306.343
-6369.847 -4379.793 1337.274
-6994.729 -4663.679 1305.949
-7377.172 -4773.074 1142.092
-7678.958 -5056.657 951.694
-7864.047 -5352.599 864.409
-8016.680 -5626.934 802.951
-8140.376 -5937.653 745.566
-8238.799 -6278.966 687.123
-8342.519 -6639.723 628.085
-8457.939 -7247.490 632.684
-8603.812 -8093.229 687.492
-8958.499 -8953.283 700.158
-9338.984 -9564.238 682.747
-9452.025 -10603.179 696.422
-9980.765 -11008.284 732.342
-10695.863 -11132.240 1055.982
-11371.579 -11204.233 1395.520
-12322.748 -11457.126 1654.727
-13263.501 -11693.108 1894.338
-14294.194 -11382.826 1936.258
-15026.189 -10384.994 1964.012
-15104.430 -9915.278 1965.023
-15019.385 -9714.848 1953.864
-14878.955 -9453.271 1910.982
-14749.159 -9144.060 1861.494
-14277.538 -7453.286 1795.218
-13974.322 -7138.768 1809.732
-13780.109 -6841.339 1797.008
-13439.844 -6669.258 1775.545
-13166.639 -6518.238 1752.057
-13016.375 -6332.167 1738.559
-12816.352 -6138.581 1711.788
-12544.719 -5907.535 1664.478
-12370.136 -5782.825 1616.084
-12155.865 -5623.998 1530.905
-11978.978 -5539.802 1432.614
-11776.949 -5450.382 1295.635
-11592.461 -5367.894 1166.172
-11440.195 -5329.179 1080.184
-11280.425 -5303.997 1001.207
-11080.314 -5277.351 913.886
-10851.650 -5247.427 848.453
-10716.818 -5226.651 817.023
-10543.792 -5197.546 776.859
-10240.473 -5135.435 696.088
-10051.078 -5096.963 644.594
-9823.450 -5052.639 582.802
-9669.998 -5031.603 542.924
-9494.700 -5023.007 503.398
-9298.223 -5031.556 467.513
-9101.189 -5053.897 442.091
-8864.088 -5079.034 417.409
-8666.630 -5059.841 392.413
-8469.434 -5030.094 380.009
-8291.603 -5002.326 378.136
-8094.989 -4966.089 378.670
-7946.604 -4907.647 381.942
-7825.993 -4777.642 388.592
-8011.475 -4430.170 455.058
-8242.360 -4219.096 521.030
-8384.365 -4027.925 547.865
-8470.380 -3663.896 583.657
-8481.519 -3425.560 609.555
-8460.628 -3167.315 608.976
-8416.776 -2954.094 577.647
-8301.238 -2764.710 531.661
-8252.977 -2536.026 482.329
-8379.560 -2265.972 512.884
-8360.050 -1987.716 528.820
-8344.825 -1769.528 505.549
-8342.430 -1551.293 478.109
-8394.834 -1318.517 468.275
-8518.346 -1023.600 460.595
-8690.442 -733.177 457.418
-8924.869 -547.655 479.163
-9210.592 -330.559 507.912
-9412.740 -86.082 539.052
-9583.333 158.866 568.991
-9761.466 422.788 600.501
-9965.408 787.356 643.085
-10322.839 1430.212 723.893
-10534.483 1789.770 771.975
-10813.404 2197.132 849.042
-11171.594 2690.558 961.355
-11472.143 3103.898 1057.350
-12097.006 4389.709 1291.716
-12295.697 5116.908 1353.812
-12222.532 5642.844 1445.516
-11986.291 6598.388 1537.503
-11932.869 7263.946 1529.786
-11677.420 7429.954 1516.504
-11330.500 7701.041 1518.889
-10708.353 7648.099 1756.570
-10548.111 7577.479 1792.677
-10441.010 7523.801 1799.564
-10316.097 7461.037 1807.151
-10191.184 7398.272 1814.738
-10029.858 7319.188 1825.437
-9813.305 7216.983 1841.489
-9559.135 7101.502 1862.104
-9357.493 7015.404 1880.168
-9178.703 6927.290 1895.575
-8854.521 6773.880 1922.287
-8614.338 6675.602 1938.048
-8374.396 6576.565 1952.797
-8226.697 6515.734 1961.934
-7952.659 6398.817 1996.161
-7787.095 6332.205 2019.637
-7566.570 6239.811 2038.529
-7420.329 6175.016 2038.619
-7256.262 6077.974 1980.418
-6982.359 5913.196 1864.591
-6843.094 5795.844 1782.832
-6724.556 5684.838 1705.198
-6608.796 5545.416 1621.521
-6483.154 5389.293 1530.944
-6312.684 5197.911 1418.374
-6107.250 5075.242 1318.876
-5955.551 5005.062 1252.076
-5778.893 4943.497 1182.219
-5560.366 4882.576 1104.003
-5312.970 4834.471 1043.003
-5100.157 4803.374 997.640
-4798.654 4732.663 920.787
-4517.558 4648.348 858.811
-4328.461 4597.991 817.514
-4138.969 4548.396 777.114
-3893.884 4484.494 719.605
-3754.566 4442.070 653.540
-3569.192 4371.168 559.058
-3379.449 4280.881 496.313
-3167.192 4182.148 443.413
-2746.600 4063.696 410.735
-2564.413 4201.830 416.552
-2373.034 4529.941 417.514
-2257.941 4912.555 419.921
-2164.628 5260.198 425.979
-2074.371 5628.979 437.869
-2032.511 5925.012 459.499
-2035.746 6502.698 508.848
-2140.176 7009.896 553.395
-2238.482 7457.564 592.533
-2459.262 8033.242 626.441
-2285.646 8766.437 633.568
-2489.050 9500.464 633.043
-2917.138 10150.155 645.214
-2859.695 11143.229 685.962
-2913.907 12201.414 715.946
-2678.544 13269.247 714.758
-2673.966 14527.235 801.475
-1817.457 14735.994 840.602
-1229.320 14497.806 845.488
-44.575 12809.190 1620.422
-4.711 12594.386 1652.545
338.336 11769.909 1845.011
573.279 11201.763 1922.513
729.939 10794.356 1977.830
872.357 10341.253 2045.006
969.040 9982.726 2125.289
1082.165 9549.387 2230.310
1085.399 9175.993 2263.729
849.869 8916.650 2242.594
383.026 8592.920 2129.996
241.981 8275.118 2034.841
-17.964 8119.509 1931.817
-362.782 7916.758 1803.960
-636.019 7727.701 1738.171
-855.173 7501.299 1694.851
-942.818 7218.697 1669.409
-748.341 6979.732 1731.081
-557.741 6803.190 1721.567
-383.943 6639.778 1740.840
-305.703 6441.096 1768.144
-264.520 6246.899 1792.460
-201.507 5853.036 1776.239
-176.806 5584.628 1714.190
-183.468 5330.369 1465.245
-191.784 5136.343 1236.589
-181.461 4945.896 1064.081
-147.246 4778.298 960.451
-25.507 4538.818 894.746
121.765 4326.810 866.791
409.419 3969.467 836.428
714.739 3716.353 833.229
1077.960 3436.158 829.434
1373.195 3119.519 811.464
1466.429 2732.104 783.974
1503.994 2457.496 817.634
1566.964 1990.794 909.805
1460.962 1391.591 919.752
1423.479 1162.001 906.914
1568.481 1003.312 903.223
1839.101 937.185 916.897
2290.652 852.762 940.728
2727.007 721.997 915.062
3175.916 512.041 850.898
3609.368 412.839 789.914
4025.197 135.195 711.363
4387.638 69.839 687.183
