0.000 0.000 0.000
-216.482 -828.882 49.002
-208.257 -790.002 44.453
-182.679 -652.850 32.980
-164.024 -473.871 30.484
-160.285 -413.993 31.304
-155.788 -334.140 33.095
-152.415 -274.250 34.438
-149.043 -214.360 35.781
-139.866 -54.662 39.240
-101.381 58.704 40.067
-66.723 78.627 41.064
-66.723 78.627 41.064
193.044 79.637 51.775
193.044 79.637 51.775
332.916 77.049 46.403
332.916 77.049 46.403
372.803 75.707 43.704
572.317 73.181 30.571
589.945 82.625 30.333
713.754 324.205 36.613
716.930 504.122 41.035
719.246 644.061 44.474
721.964 764.029 44.998
722.337 804.023 44.910
721.860 924.017 43.857
725.666 1083.960 41.965
783.655 320.633 15.562
916.482 364.740 12.359
1061.036 432.046 22.572
1118.953 536.860 30.298
1144.293 612.561 35.326
1164.030 689.960 39.268
1166.057 829.869 43.815
1149.729 968.752 46.465
1062.007 1102.253 40.836
1062.007 1102.253 40.836
847.013 58.793 59.704
986.881 61.906 62.940
1066.609 67.988 65.487
1125.740 76.429 67.009
1342.313 108.528 63.990
1441.917 115.847 58.991
1461.255 111.273 56.733
1656.469 76.625 33.794
1566.057 371.018 32.941
1601.892 485.494 29.712
1657.631 613.834 25.006
1698.862 704.876 21.646
1772.726 798.504 18.175
1869.230 863.130 38.195
1937.730 898.595 59.396
2107.090 921.526 101.364
2149.638 807.869 87.974
2067.277 700.331 71.093
1878.879 640.981 64.657
1561.368 86.799 46.052
1741.034 75.832 46.032
1940.100 57.062 43.393
1959.984 54.941 43.046
1959.984 54.941 43.046
2119.908 53.692 38.283
2119.908 53.692 38.283
2339.195 40.925 27.037
2458.966 43.137 32.901
2595.766 66.981 50.692
2731.750 94.702 69.121
2867.286 125.790 84.926
2977.204 241.196 98.474
3015.232 311.360 104.040
3050.527 382.854 108.864
3080.897 677.191 121.797
3077.685 736.943 126.199
3069.118 896.282 137.938
3081.950 1092.921 103.817
3060.758 1248.466 73.748
2948.173 1331.256 69.038
2833.447 1366.435 68.423
2814.326 1372.298 68.260
2695.076 1367.499 56.569
2600.753 1294.206 45.136
2506.038 1221.437 33.573
2507.520 1041.672 29.125
2535.830 989.003 33.960
2626.753 834.497 50.109
2690.234 733.469 61.292
2788.060 634.134 72.210
3088.255 474.830 78.597
3279.581 424.035 78.838
3457.903 399.670 79.648
3696.966 379.029 78.324
3816.570 369.583 76.545
3954.285 345.893 70.196
4122.530 283.575 56.965
4208.495 173.426 50.225
4276.093 29.102 46.323
4322.123 -103.111 45.513
4392.153 -267.811 46.656
4538.856 -401.715 50.846
4721.483 -483.155 54.668
4940.635 -580.883 59.256
4940.635 -580.883 59.256
4375.280 98.936 72.643
4392.796 358.043 61.175
4411.209 577.167 54.425
4419.635 676.782 51.995
4428.060 776.397 49.565
4319.129 910.866 47.016
4260.403 923.109 47.016
4326.298 1217.023 45.472
4349.188 1375.780 51.817
4347.933 1538.349 56.420
4556.859 1602.947 74.128
4592.488 1657.502 85.711
4397.300 1739.537 106.707
4178.296 1729.425 121.748
4127.149 1644.191 116.468
4116.012 1605.938 114.998
4093.312 1447.664 110.052
4112.882 1269.027 99.995
4141.591 1132.346 90.318
3802.051 569.828 116.693
2774.340 1526.283 99.247
2773.457 1666.191 96.034
2780.643 1866.300 91.178
2666.320 1902.714 89.599
2494.226 1955.435 87.547
2379.141 1989.392 86.301
2299.726 1998.944 85.633
2239.817 2000.868 85.010
1959.835 2001.199 81.817
1708.252 1952.350 80.535
1579.417 1857.554 77.134
1479.420 1791.486 72.320
1314.271 1966.598 61.062
1251.327 2153.685 57.135
1281.208 2205.660 59.537
1471.825 2321.675 64.728
2689.042 2226.827 55.600
2723.927 2422.074 81.211
2746.402 2620.204 92.739
2653.854 2819.157 98.314
2520.920 2907.756 100.947
2428.264 2945.064 102.836
2312.333 2975.765 105.475
2174.650 3000.696 110.120
1997.345 3031.216 115.726
1837.707 3041.737 117.405
1717.805 3036.979 116.479
1597.868 3036.069 115.919
1298.026 3033.224 110.215
