0.000 0.000 10.000
11.080 11.507 10.869
11.080 11.507 10.869
0.798 26.240 12.641
-7.141 25.255 12.641
-9.919 58.885 16.773
-25.143 73.863 18.866
-26.406 91.724 20.709
-30.352 123.366 22.907
-36.537 156.768 24.329
-42.954 194.171 26.248
-47.778 233.733 29.587
-52.365 273.309 33.147
-62.754 303.357 33.474
-74.091 307.241 32.947
-105.934 308.582 34.199
-145.780 310.933 36.611
-171.666 312.751 38.232
-219.440 315.222 41.966
-250.838 315.571 47.940
-286.084 314.020 61.986
-320.601 311.315 71.428
-356.033 307.275 76.313
-389.599 303.807 80.471
-427.238 300.886 84.793
-464.916 297.959 88.718
-506.348 291.680 91.408
-559.746 310.005 95.137
-601.015 307.747 102.236
-604.174 277.824 112.092
-589.074 250.732 118.727
-567.260 234.933 124.750
-532.439 229.385 131.387
-504.632 227.514 133.955
-455.165 242.739 134.190
-416.490 228.187 133.711
-389.205 192.311 133.638
-400.806 159.035 131.401
-452.696 162.990 127.680
-480.195 141.021 105.768
-499.319 124.225 72.393
-523.630 102.925 40.185
-553.919 76.083 31.696
-578.249 41.074 48.445
-624.881 22.911 56.444
-631.084 -10.635 67.483
-636.893 -53.793 87.774
-673.076 -98.533 102.974
-668.954 -138.202 101.584
-659.427 -174.152 109.039
-640.173 -212.745 124.067
-610.419 -238.539 134.677
-571.966 -256.062 128.545
-552.527 -240.221 121.124
-523.786 -228.575 109.496
-507.931 -205.117 96.685
-496.133 -147.394 89.814
-497.819 -115.755 88.835
-515.095 -89.016 88.416
-524.442 -50.875 87.499
-564.555 -62.862 88.090
-581.138 -87.605 90.954
-603.752 -120.295 95.399
-606.027 -123.556 95.842
-530.506 -117.616 101.494
-500.856 -121.718 100.232
-472.071 -126.523 94.461
-431.685 -127.598 65.350
-403.429 -131.328 54.490
-358.768 -158.010 48.584
-367.459 -200.490 43.181
-352.461 -249.981 38.330
-304.352 -256.030 36.203
-291.658 -200.692 30.780
-283.591 -174.081 25.177
-292.042 -183.758 40.497
-298.726 -216.210 71.826
-277.390 -259.353 89.648
-334.364 -312.603 127.959
-325.261 -314.874 133.114
-319.237 -269.089 142.544
-298.488 -245.057 148.510
-262.401 -234.237 142.480
-249.927 -259.810 118.244
-245.793 -277.994 82.934
-224.676 -294.225 57.629
-200.302 -300.868 51.663
-176.802 -305.299 50.371
-147.722 -312.761 60.908
-122.686 -321.793 74.732
-92.958 -333.336 91.120
-60.751 -336.172 84.056
-19.940 -355.901 67.056
-20.520 -331.272 62.375
-50.213 -316.889 69.408
-80.621 -304.310 77.720
-124.074 -284.694 80.752
-167.574 -262.868 66.437
-198.436 -248.726 52.311
-231.030 -207.353 37.115
-227.991 -175.846 41.150
-214.122 -152.510 57.125
-197.587 -138.114 77.560
-163.644 -118.429 86.645
-133.373 -106.559 59.387
-108.101 -104.499 28.845
-79.099 -104.474 22.564
-47.167 -106.418 22.630
-15.025 -121.352 24.464
-0.885 -164.129 30.816
71.183 -209.454 30.108
87.853 -246.141 27.086
103.797 -274.265 37.193
141.581 -307.911 52.989
199.509 -347.443 56.923
206.667 -397.582 45.302
226.120 -435.918 47.328
247.487 -461.951 74.646
290.185 -440.293 114.012
330.630 -425.342 132.941
333.699 -427.649 131.820
378.089 -418.631 124.429
419.822 -436.822 117.875
454.765 -450.815 113.472
478.277 -448.402 117.635
527.630 -444.119 124.262
581.827 -474.790 127.690
595.844 -449.230 132.998
606.738 -402.588 133.890
611.404 -365.279 128.831
613.102 -326.630 118.926
613.417 -315.812 113.774
612.283 -306.251 74.954
608.345 -296.211 51.541
608.345 -296.211 51.541
586.513 -286.580 54.011
563.534 -279.775 53.757
539.508 -273.973 60.995
512.642 -266.703 72.189
485.795 -259.308 83.348
438.614 -242.440 108.016
410.737 -240.090 118.772
381.873 -244.792 124.176
362.707 -271.565 116.256
372.304 -321.779 89.447
388.269 -359.760 57.871
434.848 -348.600 57.871
419.269 -316.072 51.056
388.383 -321.668 39.998
365.491 -315.060 41.394
333.667 -303.159 40.458
250.066 -286.828 37.877
205.403 -291.011 37.759
161.270 -272.859 38.842
117.309 -247.202 39.415
111.476 -111.676 37.654
150.826 -117.309 37.626
196.256 -74.812 36.600
241.439 -36.301 34.947
320.866 -16.005 28.891
364.409 -9.026 27.347
410.998 -20.529 27.014
457.670 -28.534 33.641
506.345 -35.173 42.491
518.089 -37.400 41.675
551.767 -52.039 48.308
587.656 -63.971 74.357
621.074 -42.965 93.314
614.076 -3.087 96.574
580.745 40.196 86.082
591.828 78.860 68.266
596.944 119.809 62.650
602.862 167.227 67.044
606.967 216.566 73.125
587.430 259.042 78.594
550.730 298.054 63.252
514.443 323.727 52.697
478.207 344.816 53.884
438.375 362.835 58.854
395.888 378.080 67.216
362.326 370.674 75.070
343.003 335.520 79.580
336.907 301.137 64.706
330.371 266.187 51.687
320.708 230.125 44.611
311.977 185.071 44.366
304.549 143.910 48.010
289.897 96.737 53.645
275.912 55.553 39.070
261.019 21.831 31.678
236.534 -0.236 38.980
216.166 -12.937 48.943
192.351 -26.388 61.264
143.048 -58.056 67.001
-42.388 -22.109 52.057
-67.332 8.337 46.995
-64.998 40.774 45.872
-77.177 64.635 44.869
-104.987 67.817 44.419
-144.442 70.007 50.031
-187.029 50.581 64.646
-230.554 43.931 89.881
-237.236 62.099 123.787
-191.766 61.659 132.487
-144.326 44.077 119.411
-99.591 -55.909 109.260
-118.941 -102.541 103.537
-162.043 -115.522 94.921
-193.821 -115.375 91.233
-242.270 -145.645 88.326
-380.581 -135.402 87.324
-426.876 -123.043 90.159
-457.731 -99.382 93.365
-467.702 -61.153 98.685
-503.027 -11.437 105.240
-525.581 22.217 106.975
-515.817 76.766 105.364
-504.758 128.788 101.359
-477.949 194.021 96.430
-443.918 210.662 92.833
-409.259 264.788 88.320
-375.070 290.050 85.266
-301.564 319.479 80.914
-263.789 316.399 81.356
-231.842 311.113 91.574
-206.210 307.197 112.697
-179.604 305.430 144.119
-132.664 345.329 153.477
-82.919 376.537 155.187
-49.190 355.401 155.276
-31.108 340.270 181.092
-22.414 331.062 219.002
-13.234 315.852 261.307
-1.184 278.483 290.753
3.241 247.207 294.201
25.141 216.155 291.827
63.458 189.285 307.527
63.546 153.991 321.548
64.510 112.883 331.868
41.131 32.717 339.347
74.838 6.862 339.002
111.324 -36.380 336.520
150.125 -65.051 332.660
176.229 -40.018 332.194
199.116 -8.502 335.387
200.697 27.219 339.564
244.859 66.834 342.241
276.365 99.267 343.548
284.192 135.955 344.968
278.480 175.398 348.357
256.518 215.856 354.279
240.649 262.467 366.372
280.514 269.525 385.695
321.236 242.760 384.984
359.238 261.648 373.663
401.594 284.475 360.110
440.894 303.769 340.490
487.948 313.350 325.014
528.118 299.317 342.223
557.107 263.090 360.804
517.990 235.951 359.416
469.596 213.161 354.377
432.574 178.711 353.865
446.957 141.981 354.942
537.682 110.157 353.045
568.997 76.385 351.795
604.185 38.940 350.915
632.980 -54.018 344.391
635.026 -97.785 340.481
632.742 -186.652 328.666
619.670 -272.897 317.657
648.284 -348.484 311.215
634.657 -332.735 329.839
633.418 -295.713 321.522
626.489 -256.608 317.620
628.709 -214.182 317.313
649.654 -167.869 319.491
649.887 -121.687 326.770
606.340 -71.564 338.300
566.383 -32.238 345.834
536.008 4.525 351.869
495.432 35.319 355.371
465.749 -21.360 358.479
464.912 -71.222 356.712
458.739 -116.337 350.231
456.661 -164.099 347.081
461.747 -211.832 359.120
470.884 -253.569 379.283
499.172 -283.088 387.884
543.440 -265.589 391.592
549.713 -274.616 396.304
535.760 -304.352 417.894
472.438 -307.758 422.117
447.016 -343.800 414.975
480.681 -374.956 414.640
471.329 -378.477 415.021
428.252 -416.195 416.867
429.380 -420.033 416.867
415.539 -402.268 408.571
392.199 -367.989 393.979
378.754 -334.876 376.224
370.374 -297.077 358.020
371.741 -233.555 348.915
364.549 -230.141 349.674
327.570 -223.267 363.273
307.384 -215.668 377.421
307.384 -215.668 377.421
451.401 -182.439 343.224
444.850 -165.702 342.320
449.479 -120.421 342.265
436.473 -84.470 341.399
379.652 -74.072 336.507
320.669 -77.879 331.907
284.139 -72.482 331.210
239.604 -61.222 329.718
177.077 -59.270 324.717
81.831 -67.171 320.447
-4.300 -55.906 318.911
-51.892 -58.944 317.537
-66.327 -93.280 316.567
-64.726 -125.171 314.736
-93.490 -166.824 315.164
-124.741 -200.608 328.419
-122.603 -220.784 344.407
-105.888 -232.176 363.679
-63.324 -247.240 392.524
-32.954 -241.734 400.275
-9.778 -236.608 403.771
15.484 -232.019 401.211
61.895 -226.241 383.549
111.330 -263.423 356.304
160.980 -277.754 336.686
181.576 -329.392 320.258
181.576 -329.392 320.258
164.094 -317.263 314.688
128.728 -304.916 309.676
90.772 -292.370 308.980
49.992 -271.860 312.470
23.200 -245.545 318.145
-217.639 -115.967 322.359
-225.639 -140.681 321.253
-231.686 -177.008 319.959
-228.442 -191.999 318.517
-249.473 -229.750 319.723
-262.676 -250.322 350.058
-257.352 -266.440 387.547
-214.308 -316.679 407.631
-187.381 -326.363 408.085
-197.174 -327.629 418.007
-220.036 -325.993 439.993
-210.422 -296.097 426.512
-252.010 -269.613 410.870
-281.997 -262.138 409.824
-298.752 -255.790 409.824
-269.897 -203.664 379.147
-258.766 -178.043 363.598
-295.765 -11.229 314.751
-283.874 21.987 308.245
-278.738 67.452 315.229
-256.809 83.343 349.403
-249.646 116.522 371.200
-278.120 207.094 369.944
-259.140 238.299 387.137
-228.335 267.099 408.927
-230.122 284.541 418.099
-260.924 308.157 438.649
-278.944 315.332 442.061
-278.944 315.332 442.061
-289.738 291.013 402.866
-285.941 263.852 383.300
-280.378 231.236 375.778
-281.062 193.643 370.840
-287.298 147.093 361.071
-287.089 32.904 342.310
-338.811 -17.683 340.702
-367.323 -61.590 331.682
-403.385 -75.914 322.088
-441.538 -90.718 312.662
-478.439 -139.688 307.308
-524.360 -141.048 313.103
-559.661 -139.376 334.931
-594.071 -136.256 390.801
-638.946 -158.106 409.568
-679.029 -190.242 417.520
-688.035 -202.973 416.607
-684.939 -244.606 408.919
-663.129 -259.644 402.959
-631.872 -264.083 397.790
-590.729 -269.829 391.635
-553.144 -274.057 393.219
-508.959 -277.365 391.200
-477.088 -280.640 370.768
-463.348 -280.762 362.689
-472.733 -273.292 362.865
-525.751 -232.389 349.038
-535.169 -201.399 329.289
-536.954 -194.819 325.103
-445.609 -103.172 372.804
-418.577 -57.927 358.304
-420.810 -19.747 346.588
-428.429 14.932 344.274
-436.048 59.112 340.489
-467.838 73.005 318.105
-506.021 75.932 300.173
-548.744 78.211 291.555
-591.230 84.024 306.689
-624.618 93.486 330.216
-645.101 109.222 365.252
-653.091 145.971 394.237
-656.444 189.343 388.099
-658.799 232.881 383.209
-652.472 274.080 400.856
-622.009 291.612 421.376
-590.936 289.798 417.556
-558.872 292.227 404.034
-534.883 293.059 390.664
-548.103 247.608 358.321
-540.681 231.347 339.439
-528.000 206.854 313.324
-537.733 160.825 299.529
-513.665 128.955 298.113
-480.767 114.048 295.084
-447.454 76.331 295.160
-431.643 45.838 307.342
-433.083 9.501 314.836
