0.000 0.000 0.000
7425.863 6134.486 1201.395
7717.411 6224.884 1052.994
8039.691 6264.239 954.626
8536.044 6238.804 907.216
8949.104 6248.432 842.312
9249.993 6373.957 760.268
9743.697 6826.740 656.414
9957.803 7128.558 614.431
9837.062 7427.645 603.795
9647.953 7482.609 614.641
9450.207 7510.765 622.826
9256.534 7554.764 600.749
9065.841 7606.520 570.154
8844.170 7736.261 534.639
8656.791 7849.391 516.830
8453.638 7930.056 540.192
8262.279 7973.731 577.447
8031.509 8017.911 626.368
7809.340 8026.598 652.413
7532.269 7886.162 655.217
7320.466 8036.062 657.654
7092.517 8230.521 648.062
6719.820 8293.462 630.625
6546.976 8586.202 628.162
6339.083 8853.606 629.206
6071.223 9094.047 633.875
5531.080 9228.386 663.855
5241.908 9692.852 751.950
5522.746 9960.551 899.097
5960.359 10000.562 1091.792
6499.565 10054.831 1348.731
6945.030 10045.062 1452.264
7359.052 10010.708 1513.604
7751.313 9874.429 1566.122
8055.712 9686.731 1601.338
6810.148 9289.786 1514.564
6597.927 9263.032 1463.316
6319.969 9234.962 1471.591
6022.807 9211.884 1505.450
5804.960 9195.824 1531.639
5547.506 9176.845 1562.590
5314.063 9132.190 1577.732
5235.372 9003.194 1561.463
5367.138 8675.303 1448.913
5479.118 8505.443 1367.957
5479.267 8368.691 1290.121
5406.522 8243.874 1183.941
5312.983 8113.377 1064.691
5227.353 8014.400 973.036
5096.113 7935.146 879.386
4974.966 7870.667 797.137
4809.091 7811.057 704.122
4622.375 7777.307 641.300
4348.508 7766.593 588.999
4111.250 7768.597 552.889
3874.890 7765.674 512.123
3642.446 7745.272 456.280
3455.222 7688.676 417.599
3298.675 7515.374 381.975
3321.296 7207.067 354.289
3198.955 6990.915 342.634
2963.712 7039.127 340.163
2482.277 7459.067 336.787
1926.355 7238.960 334.389
1653.036 7057.590 333.557
1233.646 7367.607 332.151
973.865 7666.461 331.256
646.273 7569.082 330.233
347.422 7309.303 329.338
-320.734 7215.696 327.228
-633.955 7037.117 326.269
-878.951 6974.059 325.502
-1243.653 6919.373 324.351
-1634.517 7054.049 329.405
-1899.348 6759.865 340.272
-2381.619 6621.876 436.062
-2817.496 6628.618 484.784
-3257.060 6638.847 475.100
-3635.952 6651.989 449.374
-3994.725 6667.523 424.079
-4273.754 6679.985 404.405
-4572.714 6693.337 383.325
-5050.062 6734.070 356.742
-5543.938 6810.403 348.093
-5909.120 7008.541 370.730
-6122.274 7364.511 409.877
-6216.346 7771.442 451.728
-6300.587 8180.945 491.631
-6421.924 8806.511 550.816
-6553.978 9227.607 668.818
-6791.101 9546.594 993.611
-7049.027 9703.181 1486.505
-7374.377 9698.080 1888.868
-7718.137 9502.829 2045.334
-8074.925 9037.743 1939.543
-8133.474 8767.604 1960.950
-8167.085 8511.129 1959.161
-8203.476 8235.831 1923.771
-8273.099 7909.257 1860.086
-8490.285 7583.663 1700.369
-8754.396 7454.936 1351.645
-8954.527 7400.049 963.994
-9241.107 7143.111 908.682
-9253.294 6524.864 1577.596
-9238.197 6287.059 1551.916
-9118.251 6105.998 1524.878
-8866.287 6075.737 1534.139
-8647.266 6000.091 1561.646
-8293.416 5880.167 1607.806
-7637.240 5806.202 1590.425
-7420.580 5684.842 1544.537
-7199.125 5516.477 1493.784
-6950.879 5299.659 1414.164
-6867.904 5120.361 1328.115
-6863.969 4923.288 1230.405
-6859.563 4708.601 1123.212
-6855.891 4529.694 1033.885
-6852.219 4350.788 944.557
-6699.392 3941.049 878.044
-6777.174 3690.094 865.243
-6632.451 3293.279 830.405
-6483.476 2965.224 758.187
-6542.434 2621.059 649.208
-6653.603 2294.624 546.511
-6433.823 1920.772 492.085
-6309.056 1614.933 450.898
-6407.416 1208.018 420.833
-6478.210 937.334 410.151
-6569.397 589.293 397.798
-6581.562 148.185 382.456
-6674.642 -378.434 398.776
-6987.797 -678.405 423.438
-7544.833 -694.696 476.078
-8019.678 -670.420 540.275
-8532.331 -612.847 605.255
-8928.222 -570.067 641.754
-9464.050 -613.041 784.894
-9923.884 -835.893 1052.985
-10032.610 -1233.123 1216.170
-9966.858 -1553.652 1308.251
-9717.855 -1983.400 1595.020
-9486.667 -2151.196 1668.612
-9273.084 -2216.020 1664.264
-9004.697 -2172.064 1658.499
-8816.747 -2236.629 1652.813
-8639.876 -2268.922 1644.251
-8404.048 -2311.979 1632.835
-8227.177 -2344.273 1624.274
-7973.090 -2332.067 1592.800
-7751.913 -2244.109 1566.588
-7475.641 -2157.704 1459.368
-7310.940 -2136.700 1315.038
-7135.910 -2091.776 1131.512
-6984.419 -1793.931 611.459
-6905.847 -1727.625 442.464
-6905.847 -1727.625 442.464
-6839.716 -2105.862 356.134
-6982.735 -2412.908 332.870
-6926.020 -2941.900 346.789
-6768.423 -3424.911 379.417
-6641.298 -4087.853 438.063
-6539.667 -4371.073 443.259
-6556.380 -4962.119 471.680
-6685.153 -5655.720 515.601
-7095.418 -5874.343 589.967
-7706.571 -5958.104 587.728
-8123.367 -5981.698 544.175
-8544.977 -6026.917 682.163
-9036.339 -5903.638 926.512
-9477.645 -6254.488 1256.766
-9601.959 -6858.585 1523.139
-9528.376 -7455.813 1672.638
-9396.728 -8192.153 1670.468
-9073.433 -8280.412 1672.566
-8755.646 -8561.330 1675.388
-8430.100 -8832.289 1680.947
-8147.792 -9020.629 1680.406
-7850.912 -9233.977 1644.592
-7494.467 -9537.128 1538.308
-7224.516 -9922.208 1364.359
-7135.272 -10413.036 1098.506
-6898.500 -10740.178 763.275
-6687.196 -10639.241 576.105
-6468.274 -10489.715 363.456
-6144.605 -10288.340 296.945
-6126.378 -10069.166 294.511
-6114.540 -9869.531 292.459
-6103.373 -9669.854 290.468
-6089.973 -9430.240 288.079
-6074.339 -9150.691 285.293
-6001.832 -8979.710 334.602
-5721.942 -8758.832 684.257
-5524.870 -8460.013 1052.004
-5641.305 -8231.686 1071.284
-5778.052 -8065.414 1002.903
-5906.354 -7860.939 922.198
-5964.868 -7637.890 824.090
-5985.399 -7426.875 734.990
-5735.652 -7145.846 582.600
-5555.679 -7065.532 525.307
-5337.894 -6906.839 457.585
-5045.065 -6603.876 452.781
-4822.875 -6497.461 517.296
-4543.216 -6609.003 777.470
-4257.336 -6737.296 1114.241
-3937.848 -6764.137 1318.058
-3853.750 -6632.032 1321.737
-3806.544 -6459.595 1319.138
-3783.471 -6240.923 1312.448
-3718.056 -6069.263 1250.815
-3635.632 -5925.127 1139.323
-3535.395 -5754.494 1003.566
-3451.136 -5613.222 889.803
-3386.248 -5476.540 792.554
-3321.362 -5319.079 687.728
-3263.584 -5127.606 599.105
-3235.446 -4915.359 552.341
-3236.756 -4658.386 512.836
-3249.247 -4322.845 461.139
-3310.583 -4072.220 431.941
-3370.970 -3862.159 406.883
-3444.559 -3613.777 385.080
-3546.373 -3269.096 364.688
-3644.363 -2943.865 365.028
-3874.403 -2512.791 410.319
-3994.447 -2205.339 455.393
-3934.897 -1957.365 460.619
-3893.917 -1744.769 546.360
-3884.440 -1393.675 691.420
-3870.419 -1098.476 696.336
-3840.540 -748.135 751.445
-3879.931 -426.920 903.155
-4049.340 22.843 1147.140
-4175.865 392.667 1229.996
-4301.150 747.319 1281.310
-4398.985 1049.561 1311.106
-4346.663 1476.863 1350.148
-4407.819 1864.898 1329.492
-4390.675 2157.881 1265.132
-4211.823 2363.174 1199.880
-4220.688 2635.696 1112.761
-4845.204 3021.285 1185.557
-4457.453 3287.011 1567.404
-4326.165 3605.730 1869.913
-4291.195 4040.270 2039.181
-4255.375 4478.565 2040.906
-4202.735 5042.128 2124.562
-4100.544 5541.711 2295.453
-4028.117 6013.274 2257.468
-3991.922 6506.288 2098.144
-3962.448 6974.525 1925.286
-3476.108 7215.728 1763.056
-3226.286 7299.983 1711.863
-3052.271 7731.571 1651.829
-2416.402 8241.925 1542.932
-2179.371 8416.393 1436.847
-2042.479 8328.303 1383.396
-2001.122 8156.772 1352.302
-1992.015 7711.131 1266.307
-2027.458 7483.073 1200.510
-2050.811 7254.192 1133.851
-2024.823 7082.038 1088.981
-1996.280 6866.441 1047.857
-2052.542 6477.698 998.239
-2089.474 6170.896 962.078
-2127.564 5808.790 911.289
-2170.175 5396.799 820.772
-2175.563 5096.828 733.665
-1987.017 4888.099 631.039
-1662.514 4870.370 819.907
-1306.973 5035.734 1152.827
-1066.423 5206.445 1119.442
-889.639 5528.830 1041.167
-751.521 6045.292 1073.584
-414.710 6281.417 1105.173
-133.073 6297.267 1123.396
223.116 6204.578 1161.219
341.129 5954.917 1191.944
474.400 5734.918 1205.322
681.850 5542.868 1206.366
746.300 5283.941 1207.631
756.615 5064.425 1204.294
814.757 4873.788 1193.485
918.166 4703.036 1184.184
1015.544 4551.820 1177.055
1080.868 4311.726 1119.684
1077.185 4101.196 913.409
1096.326 3941.185 639.239
1247.138 3828.164 438.279
1432.974 3738.727 367.076
1633.018 3954.808 344.097
1666.890 4291.470 357.606
1641.165 4930.555 379.879
1764.894 5257.309 363.397
1898.400 5141.021 393.694
1909.877 4967.680 437.355
1862.661 4675.731 475.575
1772.447 4432.278 464.688
1555.177 3873.938 432.257
1467.319 3651.017 418.613
1055.983 3068.649 408.514
830.737 2904.709 439.915
409.569 2935.410 479.790
100.286 2890.868 518.464
-99.600 2673.934 569.986
-137.094 2362.490 834.133
-71.184 2028.357 1197.473
-32.245 1801.254 1247.352
8.374 1524.477 1259.390
42.921 1287.387 1273.022
69.576 1029.982 1297.648
90.166 711.478 1318.154
97.806 451.700 1310.986
105.271 191.941 1302.634
120.627 -87.423 1292.637
135.764 -386.173 1269.914
116.456 -677.219 1223.125
-24.251 -915.462 1107.219
-510.417 -1145.609 901.000
-621.913 -1411.344 762.044
-538.314 -2153.178 974.963
-619.335 -2549.040 1158.172
-1113.024 -2818.557 1209.255
-1274.530 -3208.171 1235.931
-1325.943 -3583.846 1239.239
-1546.607 -3934.396 1164.128
-1605.489 -4337.876 1062.502
-1643.504 -4801.176 942.904
-1661.585 -5169.303 851.745
-1611.864 -5481.800 804.988
-1517.720 -5949.347 751.428
-1356.774 -6805.222 630.784
-1330.525 -7191.494 530.549
-1283.570 -7621.171 462.886
-1193.491 -8114.168 631.877
-1287.061 -8677.960 874.903
-1095.756 -8911.585 1170.142
-318.595 -8975.667 1479.122
72.148 -8968.423 1554.380
338.554 -8906.062 1613.367
797.474 -8800.199 1705.602
1519.850 -8534.755 1792.011
1731.540 -8386.540 1773.762
1966.293 -8157.317 1740.013
2185.102 -8029.779 1718.720
2270.347 -7814.290 1677.324
2160.716 -7384.053 1560.043
2043.136 -7005.160 1331.635
2002.966 -6839.790 1192.378
1964.713 -6662.649 1035.031
1914.192 -6432.932 849.720
1889.985 -6247.373 780.894
1869.713 -6073.588 738.759
1847.119 -5879.896 694.331
1822.266 -5666.836 645.461
1792.195 -5354.799 581.847
1775.517 -5138.849 543.266
1761.047 -4942.055 510.727
1749.571 -4703.320 491.796
1736.524 -4443.667 489.814
1718.441 -4204.395 487.811
1694.383 -3985.779 482.603
1672.059 -3787.095 477.474
1656.957 -3509.318 452.218
1655.375 -3311.557 422.421
1653.951 -3133.572 395.603
1652.424 -2935.110 371.020
1654.553 -2715.395 360.990
1657.055 -2495.516 354.106
1659.329 -2295.626 347.848
1661.603 -2095.736 341.590
1663.877 -1895.846 335.332
1663.473 -1595.915 335.427
1661.459 -1295.954 339.735
1659.848 -1055.984 343.182
1658.102 -796.017 346.916
1667.582 -519.664 308.854
1696.319 -145.850 248.342
1750.375 86.980 228.292
1749.940 446.933 233.170
1862.619 795.391 263.427
1742.896 1360.359 279.904
1533.430 1582.875 281.720
1600.647 1896.240 290.920
1724.405 2296.800 315.005
1844.649 2677.381 341.457
1881.114 2791.429 349.392
2120.308 2799.867 367.136
2696.514 2756.537 374.486
2993.090 2711.350 373.322
3815.482 2951.322 500.170
4031.306 2809.433 623.046
4097.087 2601.758 721.207
4112.768 2364.128 739.653
4128.623 2104.613 740.075
4148.555 1825.329 740.930
4178.747 1568.565 724.814
4267.689 1235.828 621.832
4325.546 1024.918 602.709
4381.044 777.360 656.598
4434.947 532.703 726.109
4501.598 235.950 825.437
4540.582 -69.359 901.273
4502.717 -326.414 903.849
4456.451 -602.564 904.157
4420.587 -906.104 989.550
4356.707 -1196.073 994.045
4284.222 -1506.767 969.722
4165.507 -1832.801 932.918
4034.246 -2139.520 791.423
4067.176 -2428.142 657.306
4098.799 -2814.171 498.068
4027.741 -3199.875 420.179
4030.822 -3444.678 397.721
4219.792 -3765.385 473.595
4365.919 -4170.157 626.349
4460.173 -4617.029 769.262
4533.512 -5069.268 807.640
4543.616 -5504.047 844.389
4318.865 -5879.492 878.395
4043.552 -6137.501 901.095
3752.337 -6303.745 955.461
3349.417 -6285.229 1030.866
3040.678 -6510.054 1191.038
3017.344 -6883.286 1421.737
3192.198 -7334.347 1499.419
3426.113 -7775.609 1517.750
3643.708 -8103.257 1577.107
4099.978 -8306.818 2012.487
4550.790 -8316.643 2045.850
5010.676 -8318.443 2036.678
5711.418 -8098.658 1979.104
6189.625 -7945.726 1877.839
6436.675 -7813.377 1653.546
6534.315 -7594.449 1466.837
6485.920 -7169.705 1239.636
6671.429 -7009.169 1068.942
6970.813 -6890.367 867.678
7300.449 -6786.222 666.497
7843.633 -6652.875 474.586
8331.470 -6562.415 526.132
8629.798 -6405.415 762.930
8864.521 -6156.099 1205.108
8989.958 -5688.974 1533.580
9041.967 -5291.506 1653.524
8995.850 -5063.497 1652.447
8881.633 -4899.906 1638.670
8778.713 -4752.685 1627.131
8611.982 -4554.360 1616.140
8422.786 -4376.074 1617.751
8260.196 -4083.340 1634.639
8186.668 -3793.972 1657.193
8191.240 -3435.454 1685.572
8203.677 -3056.115 1684.199
8148.028 -2749.217 1635.849
7994.711 -2496.352 1589.019
7791.525 -2362.833 1605.347
7650.091 -2103.001 1578.868
7530.103 -1784.673 1463.977
7429.044 -1621.914 1358.851
7320.261 -1487.539 1223.425
7277.697 -1316.323 1035.237
7305.413 -1149.766 865.007
7390.767 -922.856 733.425
7470.833 -656.732 710.555
7588.244 111.939 987.128
7628.988 467.625 949.747
7661.147 825.732 956.987
7693.069 1262.508 998.512
7681.338 1616.965 1045.145
7654.207 2040.079 1120.472
7417.242 2124.407 1128.050
7133.121 2183.895 1092.378
7019.612 2494.181 951.742
6831.226 2780.073 891.767
6669.569 3084.455 849.952
6621.179 3418.354 808.077
6566.886 3791.488 761.932
6514.257 4031.948 599.630
6451.890 4338.393 438.154
6419.732 4676.716 439.007
6389.401 5035.380 444.496
6342.544 5500.413 451.880
6283.437 5971.543 426.129
6580.761 6236.164 387.713
6858.175 6464.797 391.169
7153.548 6700.904 428.360
7448.967 6936.502 468.636
7779.286 7192.618 508.796
