0.000 0.000 0.000
8.741 138.439 18.515
0.464 217.021 30.997
7.751 296.687 30.684
7.430 316.670 31.425
2.658 416.452 35.769
-134.628 513.251 60.016
-273.983 505.324 70.851
-412.961 494.508 83.812
-611.515 479.227 102.327
-830.883 479.791 117.560
-910.754 481.441 121.794
-945.735 442.319 123.764
-919.239 183.739 121.763
-884.814 48.479 118.202
-784.458 171.536 98.789
-666.875 244.198 82.091
-666.875 244.198 82.091
-492.491 107.252 85.053
-474.197 71.704 86.239
-408.714 -159.086 83.554
-408.714 -159.086 83.554
-430.484 -397.369 75.983
-544.501 -298.610 54.483
-604.458 -297.891 52.320
-844.163 -302.480 43.770
-917.401 -465.878 61.515
-903.928 -480.600 62.838
-780.526 -542.313 69.948
-530.478 -428.856 77.137
-541.908 -349.830 72.326
-714.307 -301.702 39.864
