0.000 0.000 0.000
3370.437 -753.408 1522.553
3159.732 -745.888 1338.421
2971.035 -759.894 1106.329
2827.751 -820.212 875.868
2917.704 -1172.064 609.591
3349.990 -1928.858 313.571
3266.618 -2181.849 439.706
3165.199 -2435.808 605.399
3292.198 -2820.524 700.089
3535.760 -3485.526 796.426
3400.257 -4086.011 849.579
3689.372 -5100.952 886.267
3491.889 -5069.910 882.622
3153.428 -5044.322 882.129
3158.245 -4376.654 781.333
3158.245 -4376.654 781.333
2242.459 -4305.864 750.255
2173.776 -4030.559 717.142
2056.952 -3645.065 698.498
1958.822 -3342.938 688.186
1795.157 -2980.812 660.787
1547.588 -2334.008 596.636
1744.637 -1513.878 581.751
1624.286 -1299.378 573.886
990.788 -1348.725 533.246
720.740 -1280.466 505.096
486.851 -1228.484 506.454
286.671 -1156.179 460.906
132.931 -1084.552 400.630
-19.872 -998.567 361.249
-187.347 -857.664 344.332
-843.476 -368.702 310.869
-1014.167 -109.605 293.008
-1321.519 208.040 287.407
-1192.783 319.648 279.004
-897.618 372.705 272.957
-425.066 311.280 321.497
-85.205 529.912 531.395
712.202 1520.857 1052.456
701.863 1824.451 967.123
556.669 1995.336 889.028
245.071 2299.078 786.416
-769.326 2701.445 661.836
-1015.701 2771.565 619.038
-1403.412 2990.842 552.352
-1654.330 3493.619 471.707
-1518.650 3857.697 417.223
-1444.432 4453.218 400.017
-1415.802 4969.297 395.427
-1489.990 5425.130 418.608
-1452.355 5803.188 454.262
-1491.876 6237.917 498.396
-1163.752 6322.435 620.012
-1030.054 7148.082 359.229
-1627.793 6090.592 357.556
-2006.213 6107.706 344.880
-2465.370 6111.101 370.130
-2840.363 6069.723 385.123
-3321.831 6088.460 378.585
-3403.467 6292.355 374.743
-3545.418 6056.521 356.708
-3512.249 5819.108 344.494
-3539.616 5511.334 333.525
-3742.522 5350.772 319.084
-4055.718 5238.805 303.007
-4111.553 5104.018 300.959
-4376.104 5000.157 315.579
-4772.769 4814.182 336.833
-5098.892 5004.694 353.049
-5492.183 5390.295 381.326
-5834.872 5433.665 400.743
-6260.007 5506.279 415.629
-6713.581 5298.423 437.502
-7030.702 5129.787 449.418
-7344.432 4600.537 438.109
-7498.181 4328.941 412.437
-7636.064 3981.032 381.419
-7802.032 3485.141 364.140
-7718.315 3240.203 392.834
-7362.317 3109.311 491.721
-7197.838 3123.603 539.843
-7149.766 2729.491 705.597
-7190.119 2445.332 792.427
-7215.466 2393.121 807.644
-7848.833 2351.513 740.073
-8096.296 2176.446 645.176
-8228.292 1914.523 588.704
-8246.496 830.804 798.666
-8290.384 364.532 693.528
-8325.092 15.033 614.515
-8325.181 -322.813 593.358
-7724.962 -976.621 628.927
-7508.104 -999.812 600.367
-7272.123 -1027.167 566.292
-6994.755 -1045.129 535.517
-6715.623 -1042.852 513.599
-6454.874 -1040.109 495.971
-6118.773 -1134.250 531.708
-5530.324 -1046.197 674.195
-5259.253 -1038.083 696.127
-4998.737 -973.313 706.353
-5175.160 -1432.802 638.375
-5316.358 -1755.073 622.226
-5509.753 -2143.992 658.768
-7011.534 -2653.700 919.498
-7468.333 -2702.445 919.348
-8831.609 -2917.912 981.640
-8860.026 -3352.454 937.441
-8743.958 -3856.915 933.564
-8114.546 -5793.442 862.421
-7875.309 -6059.466 894.273
-7620.302 -6304.193 962.472
-7275.776 -6535.326 1020.370
-6886.627 -6612.194 1019.146
-6647.900 -6627.310 999.802
-5993.458 -6695.916 947.972
-5649.198 -6889.507 920.499
-5426.853 -6745.600 894.023
-5364.264 -6454.460 865.285
-5486.771 -6229.852 845.146
-5743.705 -5864.370 833.887
-5514.533 -5861.497 858.148
-5328.304 -6267.765 895.394
-4285.659 -6636.133 783.383
-3275.505 -6554.979 461.554
-2939.613 -6580.571 484.998
-2528.597 -6604.927 567.202
-1810.264 -6984.744 669.094
-1499.789 -6915.358 703.466
-1104.460 -6881.766 737.198
-630.078 -6864.813 800.679
-308.912 -6819.706 902.447
54.592 -6776.099 1003.592
402.573 -6734.512 1085.910
1774.812 -6356.531 1204.117
1837.546 -6103.129 1203.631
2138.598 -5844.349 1202.139
2149.497 -5565.442 1186.304
2294.430 -5272.543 1144.044
2274.484 -5023.046 1074.468
2256.728 -4853.391 1017.018
2227.470 -4496.547 889.802
2161.703 -4058.234 779.589
2078.953 -3834.480 755.594
1975.019 -3618.706 741.291
1840.103 -3373.448 739.070
1662.013 -3060.699 746.846
1546.199 -2850.537 751.157
1489.876 -2510.688 749.029
1343.846 -2329.889 703.744
1198.750 -2199.694 659.085
1157.117 -1951.159 616.321
977.531 -1800.273 565.758
832.598 -1676.028 506.128
634.799 -1324.330 422.635
436.216 -1199.457 391.857
204.449 -1360.497 373.353
-3.399 -1282.397 352.998
-176.712 -991.722 328.386
-378.142 -793.417 300.337
-695.469 -910.300 274.445
-966.537 -1111.829 246.943
-1223.801 -1103.590 217.108
-1534.994 -1130.743 187.291
-1667.107 -896.756 159.708
-1872.012 -651.209 164.793
-1765.479 -418.974 196.792
-1681.064 12.735 217.590
-1415.806 245.726 227.200
-472.953 403.052 226.666
-241.015 323.301 371.484
81.789 465.293 779.127
151.642 832.187 1026.799
-92.094 1279.754 1101.423
-798.143 1205.853 1049.258
-1528.044 1398.751 919.382
-1555.100 1958.304 766.715
-1497.784 2292.875 664.359
-1404.582 2572.703 496.458
-1358.349 2852.792 355.919
-1361.380 3127.784 303.482
-1424.555 3445.897 258.412
-1805.333 3842.911 222.994
-2225.442 3936.722 267.463
-2491.402 3857.548 287.143
-2833.510 3651.616 298.325
-3051.325 3512.781 327.995
-3299.693 3385.046 343.259
-3543.892 3296.152 336.754
-3915.094 3349.588 324.000
-3958.819 3155.715 319.685
-4172.398 2930.651 318.225
-4234.487 2676.546 317.184
-4156.798 2470.722 317.688
-3871.966 2284.863 306.436
-3813.390 1970.784 288.866
-3783.794 1773.256 279.040
-3758.152 1575.026 272.317
-3731.676 1356.696 267.515
-3735.532 1076.823 264.311
-3852.770 535.850 252.710
-4190.154 -74.211 237.555
-4267.618 -279.582 250.181
-4611.730 -801.572 282.246
-4836.405 -976.577 284.517
-5192.486 -979.143 285.728
-5656.217 -864.022 285.480
-6136.021 -614.934 296.229
-6196.845 -1121.602 349.359
-5956.063 -1754.694 329.958
-5846.674 -1989.943 313.664
-5670.532 -2176.852 323.415
-5533.330 -2545.729 341.271
-5315.307 -2675.962 342.270
-4921.382 -2650.150 330.383
-4568.504 -2581.709 312.224
-4351.772 -2547.081 297.157
-4154.683 -2516.155 283.014
-3937.788 -2481.752 270.085
-3620.459 -2442.173 270.208
-3162.211 -2442.087 303.136
-2903.826 -2468.319 313.557
-2626.018 -2501.727 323.872
-2013.201 -2590.616 353.611
-1724.223 -2589.064 420.910
-964.939 -2957.402 667.636
-1252.134 -3335.267 769.673
-1574.403 -1177.796 506.654
-535.874 -1245.357 281.532
-167.693 -1370.881 370.365
330.543 -1515.798 559.901
1636.469 -1287.576 1216.459
2244.305 -1035.411 1706.564
2226.093 65.341 1729.065
1157.101 327.376 1565.485
509.377 511.720 1406.641
-6.376 555.517 1253.716
-985.792 737.659 1063.374
-1446.475 863.765 1046.948
-1726.826 1188.469 960.269
-1861.911 1511.890 899.056
-1941.419 1861.953 879.949
-2028.230 2272.818 872.643
-2159.970 2878.342 862.309
-2524.465 3095.548 846.854
-2893.973 3096.183 823.185
-3257.207 2985.794 806.667
-3473.983 2697.864 792.023
-3459.571 2202.149 780.474
-3386.857 1486.125 773.835
