0.000 0.000 0.000
-1.626 -15.841 8.391
-10.392 -57.785 24.283
-23.257 -97.687 26.428
-32.542 -136.229 31.330
-45.395 -177.513 38.720
-91.312 -209.549 38.516
-95.628 -249.125 34.641
-100.314 -290.639 30.344
-105.775 -329.985 25.649
-109.119 -443.350 19.317
-122.013 -478.511 14.376
-95.231 -510.910 11.727
-40.168 -520.632 12.665
7.480 -526.151 12.844
51.237 -530.644 11.965
97.066 -527.972 10.847
144.630 -521.656 9.552
190.805 -508.980 9.922
228.123 -486.551 10.000
267.870 -447.346 6.750
290.195 -387.813 6.801
300.244 -341.010 10.295
307.806 -295.832 14.302
310.811 -252.149 18.561
313.374 -208.420 22.704
315.743 -152.567 25.699
315.997 -88.706 29.759
315.937 -40.832 33.238
313.602 25.013 35.052
310.490 70.893 33.870
306.684 122.671 31.175
304.607 182.438 26.441
304.599 236.383 24.229
301.563 298.290 24.208
297.573 354.133 24.760
265.720 395.859 26.021
220.624 410.049 25.169
172.214 392.799 25.945
150.702 357.156 29.926
137.064 315.355 30.469
126.174 270.676 30.018
117.628 227.516 29.916
110.152 136.881 50.696
109.978 80.993 53.837
108.861 35.609 61.219
107.800 -7.938 67.293
106.295 -61.702 72.084
105.051 -107.509 76.109
103.427 -167.257 81.359
102.237 -211.072 85.209
100.830 -262.853 89.759
99.639 -306.668 93.608
97.997 -372.380 99.539
97.203 -433.191 117.718
102.978 -474.300 152.149
126.010 -470.786 190.302
133.980 -385.571 192.401
132.385 -341.623 193.789
184.822 -256.562 199.389
102.592 -196.295 191.344
105.604 -149.576 189.024
98.665 -102.223 185.350
102.302 -38.932 185.025
112.204 18.157 187.104
112.708 66.151 187.310
113.947 132.137 187.663
114.992 180.125 187.951
116.810 249.504 195.829
118.350 304.709 205.106
119.725 353.998 213.389
