0.000 0.000 0.000
177.281 -24.457 17.749
276.733 -31.696 24.778
376.348 -33.783 32.906
495.418 -37.517 47.001
634.060 -39.433 65.213
731.716 -20.200 73.986
808.750 1.254 75.905
922.678 38.265 81.765
1036.305 75.727 90.620
1155.201 81.281 100.232
1313.249 98.699 106.154
1387.699 35.821 108.144
1424.680 -56.670 108.567
1477.651 -207.420 102.841
1526.499 -338.429 95.734
1561.127 -473.639 91.516
1578.983 -632.300 87.906
1524.295 -733.081 90.431
1460.756 -781.186 95.023
1353.221 -710.591 114.315
1412.896 -132.571 87.367
1317.330 -13.504 91.302
1010.739 85.133 99.325
936.732 124.405 102.546
851.237 235.286 103.714
901.045 382.577 98.883
823.295 476.767 96.628
712.657 500.401 95.847
574.359 529.944 94.870
463.720 553.578 94.089
278.452 616.800 89.558
249.139 695.918 88.225
197.454 861.620 90.283
460.541 945.164 79.627
583.348 919.556 81.852
700.285 852.328 98.730
759.342 848.045 108.374
176.774 924.523 78.414
65.152 889.974 80.461
-19.217 895.270 83.301
-76.552 957.060 88.498
-141.616 1071.604 96.961
-168.433 1107.437 98.993
-210.580 1220.593 105.505
-176.711 1298.163 111.838
-103.323 1364.495 116.670
0.450 1346.892 117.538
113.337 1358.843 122.870
186.978 1476.401 128.947
181.400 1643.078 130.983
122.067 1648.901 129.189
-35.603 1622.761 132.033
-167.829 1582.149 137.011
-206.473 1493.119 132.237
-186.222 1435.221 128.086
-200.590 1194.135 112.827
-257.104 1094.032 109.457
-365.431 905.244 124.712
-478.785 919.972 160.684
-573.284 943.609 182.063
-690.737 967.340 188.484
-789.105 983.959 195.154
-907.392 1002.128 203.989
-1051.264 1094.959 193.564
-1179.552 1070.910 178.244
-1268.641 1031.434 169.008
-1269.267 953.589 158.915
-1260.974 914.815 153.675
-1243.323 837.493 143.194
-1215.030 742.332 132.218
-1206.915 639.729 127.172
-1168.497 543.687 119.988
-1150.221 466.327 111.063
-1183.938 319.935 95.163
-1146.877 227.206 92.040
-1100.594 95.234 88.245
-1041.197 -53.090 88.541
-934.430 -220.954 102.767
-892.792 -263.873 105.717
-804.972 -309.138 102.124
-688.663 -338.133 101.320
-571.630 -364.267 105.607
-435.221 -405.339 115.014
-197.226 -526.759 140.607
-255.429 -675.018 161.448
-424.977 -725.674 166.557
-563.686 -710.424 158.207
-718.554 -676.043 149.358
-736.724 -589.592 147.863
53.306 -421.284 93.605
104.364 -507.115 91.747
177.969 -626.020 95.471
261.792 -709.314 106.387
357.369 -735.537 112.668
504.056 -740.030 120.558
949.494 -690.453 130.904
649.653 -587.632 131.313
627.879 -528.560 137.339
586.478 -449.120 142.439
583.046 -389.902 142.672
581.568 -288.058 139.768
598.932 -148.225 133.821
661.379 -99.446 127.718
778.642 43.925 117.221
958.264 69.534 106.218
866.252 112.939 102.351
