39.297 -7.465 0.000
18.539 -299.593 64.642
119.757 -395.413 77.753
194.001 -366.339 71.240
366.034 -268.079 51.253
366.034 -268.079 51.253
330.243 -11.107 41.325
330.243 -11.107 41.325
318.278 207.835 59.104
307.050 367.154 67.962
256.379 528.132 5.362
94.805 606.812 15.097
94.805 606.812 15.097
-63.684 621.182 15.803
-63.952 501.259 17.861
-63.952 501.259 17.861
-8.213 409.732 52.856
43.168 440.717 52.856
59.226 304.493 80.878
62.132 204.959 90.075
71.841 85.688 96.520
82.354 6.385 97.142
82.354 6.385 97.142
112.947 -125.206 60.528
193.407 -238.556 43.886
205.129 -254.594 41.569
509.460 -334.029 -12.384
687.192 -309.382 -24.970
687.192 -309.382 -24.970
859.702 -188.780 -42.626
862.574 -129.056 -46.748
862.574 -129.056 -46.748
752.101 37.647 -46.203
704.323 100.703 -34.324
647.003 180.751 -16.999
634.860 236.803 0.629
615.284 330.104 30.821
627.361 449.313 31.773
673.368 513.121 17.377
725.484 572.072 3.042
782.257 677.024 -7.209
861.265 815.087 -23.828
917.597 871.178 -32.800
959.688 913.432 -39.347
959.688 913.432 -39.347
830.029 1224.664 4.482
830.029 1224.664 4.482
830.029 1224.664 4.482
632.843 1193.235 12.870
632.843 1193.235 12.870
583.955 1084.464 0.602
582.090 1004.524 1.425
584.199 964.599 2.605
599.219 845.999 12.997
620.570 608.798 -16.667
721.998 -379.656 -5.402
837.222 -564.905 -19.657
905.542 -637.829 -23.114
936.096 -663.577 -24.496
1052.342 -633.905 -24.296
1148.684 -607.112 -23.766
1248.166 -755.704 -23.026
1248.166 -755.704 -23.026
1141.057 -873.152 -7.807
1123.162 -882.076 -8.179
1066.494 -901.416 -9.532
926.909 -898.880 0.407
768.220 -883.871 13.978
649.078 -872.620 22.844
470.217 -870.843 5.414
470.217 -870.843 5.414
335.379 -872.994 -31.395
305.746 -798.927 -35.002
288.040 -700.650 -37.908
261.018 -523.273 -52.293
261.018 -523.273 -52.293
400.091 -519.861 -39.205
458.359 -532.448 -32.986
606.801 -591.602 -24.882
606.801 -591.602 -24.882
610.630 -611.110 -22.696
648.189 -806.110 0.984
653.873 -964.498 22.505
653.873 -964.498 22.505
596.416 -1067.612 0.934
596.416 -1067.612 0.934
574.949 -1205.061 -13.490
574.949 -1205.061 -13.490
606.654 -1319.656 -29.701
606.654 -1319.656 -29.701
686.434 -1379.931 -28.285
734.303 -1416.096 -27.436
804.017 -1558.541 -20.943
722.852 -1695.222 -11.196
659.300 -1743.400 -5.214
626.551 -1766.181 -2.283
612.008 -1945.289 -12.622
597.362 -2102.718 -37.061
617.616 -2137.179 -38.485
628.332 -2154.058 -39.024
702.309 -2248.502 -36.362
832.705 -2298.432 -46.568
936.799 -2356.129 -54.794
983.004 -2394.153 -59.113
1063.699 -2452.984 -62.890
1183.265 -2446.217 -55.610
1292.726 -2401.579 -38.710
1293.666 -2323.115 -23.707
1237.784 -2245.055 3.770
1212.091 -2215.618 12.319
1175.939 -2168.583 20.933
1127.013 -2105.792 17.158
1047.437 -2097.932 16.580
947.542 -2101.052 19.415
868.146 -2093.121 14.902
809.819 -2039.533 3.737
773.534 -1946.460 -0.807
765.917 -1927.989 -1.716
750.490 -1891.129 -3.534
617.613 -1670.199 -35.922
621.399 -1590.353 -32.757
626.120 -1490.786 -24.866
631.763 -1331.784 -7.990
631.763 -1331.784 -7.990
415.384 -1187.809 -5.322
255.618 -1180.344 -0.945
115.835 -1173.813 3.312
115.835 -1173.813 3.312
-60.208 -1210.530 11.115
-60.208 -1210.530 11.115
-132.365 -1306.381 13.363
-177.319 -1372.487 15.420
-59.555 -1349.429 15.420
-35.077 -1507.377 8.130
-32.241 -1527.169 7.654
-6.628 -1662.673 31.791
4.707 -1720.755 41.652
24.637 -1817.839 54.945
13.690 -1977.360 49.314
11.958 -1997.274 48.663
23.190 -2096.605 48.548
70.344 -2248.594 47.298
70.344 -2248.594 47.298
70.344 -2248.594 47.298
194.304 -2184.404 36.662
223.775 -2132.309 33.464
244.569 -2076.098 31.696
279.492 -1961.924 19.848
296.825 -1864.403 6.097
302.977 -1825.089 2.265
316.368 -1726.180 -3.796
320.102 -1606.257 -2.436
321.826 -1506.288 -0.624
323.205 -1426.313 0.826
324.240 -1366.331 1.913
325.964 -1266.363 3.725
325.964 -1266.363 3.725
140.933 -1210.374 31.960
-13.456 -1250.471 29.018
-72.720 -1304.089 28.962
-68.153 -1383.399 37.295
-56.656 -1441.851 44.426
-23.258 -1576.660 61.929
38.363 -1724.208 66.751
70.740 -1797.340 65.161
