0.000 0.000 0.000
0.000 0.000 0.000
653.654 -6961.158 1197.098
1451.901 -9309.288 1539.459
3827.540 -10292.247 1890.996
4036.788 -9954.939 1939.540
4616.521 -8911.942 2051.157
4843.966 -8358.781 2018.176
5261.237 -7476.172 1816.565
5784.609 -6672.296 1535.797
6526.186 -5767.803 1274.230
8088.839 -5285.860 1079.003
7885.748 -4735.188 1034.890
7264.415 -4390.412 989.932
7033.720 -3626.671 961.792
5928.645 -2091.526 969.370
6007.335 -1097.405 944.669
5680.328 190.708 888.186
5977.295 1350.354 825.764
6226.149 3132.101 804.441
6466.813 4713.871 813.748
6613.347 6300.506 829.898
5991.275 7276.507 864.106
5403.264 7160.952 893.629
4213.776 7046.669 909.874
3414.751 7080.476 889.679
2216.281 7133.933 861.219
622.573 7270.454 856.252
-1367.402 7458.145 903.740
-3349.301 7670.812 1066.262
-5342.467 7670.517 1215.379
-5654.549 6469.679 1232.586
-5610.180 5675.312 1152.508
-5529.562 4880.967 1104.844
-5353.600 3902.125 1085.200
-5066.485 3162.387 1186.200
-4269.850 505.857 1308.560
-3709.232 307.850 1268.300
-3115.917 472.323 1221.073
-1925.652 720.171 1173.504
-412.368 43.172 1148.884
585.558 10.882 1131.604
2182.225 54.320 1044.205
3565.442 228.753 920.034
4785.119 222.585 811.844
3820.133 6820.781 895.664
2822.367 6867.777 918.054
1622.813 6898.149 926.708
435.043 7519.945 914.255
290.483 6737.842 900.540
491.636 6138.367 913.482
661.246 5539.587 921.460
731.636 3690.719 928.092
724.503 1148.904 933.163
386.126 -762.326 1028.137
-5495.485 -181.538 1921.312
-7421.484 1150.370 2057.773
-5651.458 4918.715 1967.896
-5199.803 7326.308 1973.859
-3458.622 9226.662 2075.380
-3087.488 9340.146 2172.235
-1533.653 8866.810 2733.967
-229.102 7011.452 3142.597
351.274 6892.252 3057.673
1312.302 6852.337 2784.120
4253.306 6465.153 2184.754
5620.497 6552.852 2029.746
6138.680 5621.593 2006.582
5893.606 4871.005 2132.727
6513.839 2982.102 2342.205
6119.665 1854.781 2459.571
5654.063 757.653 2595.032
5501.582 -1173.443 2646.580
4484.724 -1827.567 2688.337
3348.081 -2534.616 2733.295
2236.400 -3806.153 2743.227
1224.835 -3335.377 2801.375
967.707 -2598.939 2796.224
987.129 -1599.265 2790.528
390.380 -412.087 2796.620
-22.107 368.463 2845.090
156.570 1550.926 2932.819
422.348 3127.428 2944.180
956.328 6520.381 1461.290
1398.686 8400.221 974.921
