59.446 -2.320 7.687
118.103 -0.819 19.870
156.723 3.874 29.167
194.024 12.968 40.383
226.362 33.463 51.750
265.335 74.318 70.887
277.181 89.031 77.460
294.693 122.615 90.317
284.626 160.989 95.421
211.374 203.527 102.212
204.170 242.814 104.370
200.508 262.446 105.450
189.400 321.326 108.566
180.697 360.279 110.846
168.503 398.262 113.524
127.661 466.700 117.106
127.661 466.700 117.106
93.454 400.244 88.664
82.587 364.062 79.445
82.017 344.154 77.614
86.256 305.302 69.148
93.101 247.456 54.761
97.352 208.463 46.951
102.468 168.930 43.648
117.331 131.912 41.072
148.114 107.176 35.180
187.481 102.222 30.399
266.342 90.625 24.619
286.144 93.152 23.391
304.622 100.632 21.780
327.021 133.519 19.084
342.977 272.358 10.766
316.318 322.854 -5.087
270.036 358.333 -18.620
226.415 387.356 -47.858
199.764 411.058 -65.964
186.508 423.450 -74.373
63.104 313.880 -107.052
64.277 273.905 -106.645
69.038 234.326 -105.103
376.663 671.753 -21.891
465.497 630.141 -21.891
388.565 545.531 62.454
-264.018 366.165 32.712
-212.636 281.392 19.597
-477.196 141.609 6.711
-481.097 221.361 9.800
-496.255 400.454 17.412
-537.231 606.921 16.749
88.165 256.677 -48.370
141.192 87.986 -80.966
