0.000 0.000 0.000
203.779 -391.584 262.379
845.573 -246.843 266.632
1746.471 -509.775 376.240
2409.132 -674.595 653.272
5026.856 -1854.263 1242.958
4003.778 -2482.323 949.595
3650.712 -2866.741 809.463
3186.434 -2906.038 695.358
2285.246 -2964.987 533.921
1687.818 -2929.372 574.862
1030.451 -2879.543 579.394
220.878 -2594.128 569.811
-449.796 -2851.897 572.880
-873.624 -3269.858 555.350
-770.984 -5222.967 490.884
-1103.205 -5965.651 472.745
-1159.478 -6637.910 449.634
-935.350 -7254.112 430.627
-578.886 -7302.049 428.743
-165.900 -7612.310 436.348
400.317 -8094.281 449.877
914.313 -8206.933 480.685
1280.574 -8179.957 491.129
1625.751 -8021.273 499.415
2342.123 -7889.844 513.413
2518.857 -7617.052 484.796
2563.411 -7322.109 454.677
2656.496 -7000.710 404.007
2883.396 -6649.809 366.284
2799.726 -6017.858 314.013
2797.617 -5488.190 269.579
2938.514 -4912.312 245.024
2946.443 -4207.222 242.054
2891.021 -3417.302 253.167
2371.914 -2881.065 256.456
1588.523 -2879.955 230.428
763.120 -2783.846 218.304
147.275 -5261.580 248.352
509.755 -5268.789 238.241
921.120 -5291.012 210.882
1144.544 -5659.235 204.017
1868.192 -8152.252 263.212
2008.493 -8244.213 265.035
2746.098 -7555.860 249.165
2830.097 -4010.452 152.332
2696.732 -3409.714 161.860
2342.138 -3065.826 171.368
1623.461 -2944.626 184.120
1083.761 -3238.497 195.695
503.920 -3030.924 212.950
68.032 -2797.143 226.117
1725.981 -2973.347 442.547
2016.033 -2893.193 333.978
2381.856 -2762.403 239.907
2842.197 -2636.926 197.688
3218.355 -2644.967 204.853
3426.393 -2877.836 202.045
3587.996 -3133.673 181.169
4015.071 -3031.356 144.099
4479.285 -2993.302 99.865
4792.649 -3507.496 80.404
4738.539 -3794.810 152.747
4719.075 -3829.748 153.391
4573.801 -3880.894 138.624
4430.200 -3937.772 119.703
4360.981 -3997.831 112.598
4375.319 -4862.432 112.021
4375.319 -4862.432 112.021
4637.082 -4763.436 106.983
5109.214 -3590.223 178.630
5220.590 -3788.698 373.819
5094.961 -3742.621 382.657
4784.086 -3415.600 386.966
4392.905 -3146.740 392.236
3998.086 -3033.929 354.431
