0.000 0.000 0.000
-69.256 -33.487 21.891
-142.244 -60.651 40.189
-233.480 -94.605 63.063
-363.746 -137.760 90.370
-459.236 -163.329 105.413
-635.833 -190.027 126.687
-833.222 -210.257 150.009
-950.889 -190.883 160.686
-1092.030 -117.407 173.441
-1220.080 -22.378 176.893
-1284.123 122.271 168.923
-1323.532 213.898 161.748
-1316.912 346.206 168.723
-1100.633 460.798 191.876
-1029.311 555.677 199.173
-946.653 640.254 205.160
-926.566 735.649 208.238
-926.123 835.616 210.752
-890.731 924.102 216.544
-763.133 979.172 225.275
-606.993 1002.399 225.909
-453.159 958.446 224.897
-283.027 900.243 222.544
-164.382 900.987 220.487
-78.142 946.601 215.988
-53.586 1021.422 211.174
-20.367 1197.937 200.863
18.197 1267.906 197.238
72.951 1374.259 188.635
125.226 1481.789 178.402
194.747 1625.348 166.073
259.202 1702.089 161.211
394.623 1741.075 156.044
518.684 1808.112 152.263
611.898 1895.486 150.031
664.761 2020.780 148.937
819.939 2137.132 145.915
979.617 2221.818 146.741
1126.493 2277.955 146.068
1201.908 2252.251 146.659
1313.770 1981.989 151.006
1332.586 1839.392 157.173
1366.728 1724.904 163.562
1438.979 1608.184 170.059
1534.521 1468.755 175.527
1667.125 1424.540 177.883
1897.626 1413.274 187.355
2026.344 1538.634 180.391
2082.773 1595.232 176.875
2092.319 1693.995 173.237
2124.664 1944.797 165.417
2176.552 2044.789 162.651
2346.124 2192.499 163.245
2477.390 2244.006 164.398
2869.589 1952.367 172.592
2881.259 1817.895 172.825
2842.412 1653.107 177.189
2720.701 1482.093 182.121
2505.217 1511.082 184.353
2192.772 1532.489 186.822
2093.599 1464.957 186.601
1963.613 1371.665 186.144
1764.866 1237.519 191.435
1633.226 1193.144 204.895
1444.278 1251.891 216.852
1320.317 1222.768 219.102
1185.131 1174.409 220.651
1158.349 1144.751 220.980
1600.737 1094.246 222.675
1664.422 963.321 224.415
1738.054 832.795 227.316
1738.172 690.463 232.740
1666.284 507.876 241.291
1659.475 366.864 247.928
1723.439 288.738 254.687
1866.650 197.240 260.261
1940.183 93.587 259.278
1904.912 -62.125 253.460
1799.743 -177.018 244.150
1511.265 -436.957 234.043
1568.982 -510.028 233.040
1687.435 -459.378 236.089
1780.435 -420.358 238.377
1641.728 -620.235 213.763
1744.573 -688.814 218.428
1805.156 -977.451 238.655
1852.466 -1067.044 240.144
1775.203 -1028.681 240.245
1719.347 -1049.859 245.867
1607.277 -1091.365 256.590
1411.930 -1133.108 258.490
989.634 -1267.131 252.193
1308.609 -1396.931 328.648
2270.208 -1315.715 516.759
1724.641 -1934.194 655.641
1584.628 -1711.242 604.982
1462.514 -1569.458 580.567
1362.030 -1419.295 564.327
1184.793 -1438.806 541.189
972.747 -1404.653 521.740
843.457 -1526.221 509.950
714.286 -1704.157 502.674
413.720 -2017.834 448.821
-365.912 -1551.282 463.824
-557.506 -1505.521 498.088
-892.525 -1542.599 534.077
-2005.769 -903.286 478.883
-1946.739 -851.191 469.128
-1819.797 -792.836 463.872
-1691.887 -737.209 474.302
-1515.688 -647.227 503.510
-1407.349 -532.290 546.182
-1469.524 -347.430 576.336
-1621.473 -266.346 573.031
-1799.004 -179.932 576.451
-1884.040 -45.854 571.489
-1870.444 173.019 556.485
-1841.319 390.757 544.845
-1804.286 607.143 540.391
-1747.922 711.310 551.558
-1596.049 839.505 572.370
-1507.714 919.829 583.714
-1373.016 1067.074 596.047
-1277.989 1195.188 603.627
-1204.475 1337.101 610.237
-1122.295 1566.167 613.386
-1035.559 1647.711 610.562
-948.204 1695.612 605.403
-756.884 1750.968 591.757
-577.269 1830.568 578.430
-380.044 1700.749 549.955
-360.177 1445.906 483.296
-133.540 1173.509 409.147
46.873 1248.770 391.969
170.847 1347.330 395.000
318.100 1480.510 416.894
477.758 1586.835 417.237
571.666 1617.558 429.963
800.751 1601.193 458.766
1044.901 1415.240 485.369
1105.087 1175.720 495.870
1049.856 873.800 498.732
1058.398 768.255 501.557
1143.549 569.726 511.453
605.745 759.307 552.405
483.661 658.361 562.695
410.404 521.028 593.561
360.849 310.022 623.896
326.275 156.101 601.337
87.185 43.917 503.346
-119.375 -86.890 384.088
-288.875 -139.107 307.637
-426.934 -188.377 243.517
-301.232 -144.846 200.773
-128.204 -12.595 181.649
-15.700 -53.766 183.197
90.335 -109.841 183.731
223.642 -197.977 182.290
272.875 -325.755 183.821
176.791 -500.259 184.976
97.106 -666.128 181.909
268.265 -912.499 180.759
422.836 -1026.987 173.195
542.042 -1038.074 167.757
719.410 -1061.957 160.648
891.704 -1085.110 161.657
1229.004 -1179.438 162.300
1513.831 -1270.953 183.338
1639.774 -1232.754 197.943
1723.919 -1148.453 211.613
1772.743 -1021.248 233.274
1774.520 -863.879 261.859
1774.726 -745.768 283.065
1835.761 -525.857 339.816
1964.137 -542.681 392.519
2225.815 -514.413 524.752
2507.476 -305.603 638.662
2780.067 -274.061 700.225
2582.789 -707.641 822.120
2314.096 -777.056 826.727
2176.302 -853.516 801.396
1865.761 -1004.456 647.298
1775.709 -1047.800 580.965
1561.969 -1142.908 427.726
1421.346 -1179.820 363.438
1286.400 -1172.265 327.045
