0.000 0.000 110.000
94.762 -203.395 25.244
94.762 -203.395 25.244
70.213 -178.517 23.697
81.696 -134.147 19.766
83.122 -126.390 21.106
88.907 -101.412 25.285
127.278 -76.744 25.462
126.621 -56.780 24.622
124.997 -34.889 26.016
124.333 -22.952 27.055
123.718 -3.017 28.509
123.431 18.944 29.792
123.169 38.908 30.957
124.052 82.623 35.462
124.344 90.548 36.512
125.027 110.367 39.108
125.206 136.305 40.828
124.542 152.244 42.049
124.215 170.204 43.197
124.009 182.178 43.958
124.635 210.051 46.536
125.797 237.681 42.789
125.219 249.674 35.603
123.095 262.285 26.049
118.399 276.168 12.441
112.272 289.550 -1.058
93.702 299.127 -7.761
81.825 300.745 -8.312
63.910 302.452 -8.600
46.133 304.949 -8.824
29.081 310.675 -9.259
11.469 320.133 -9.823
-8.949 332.708 -10.739
-25.201 347.466 -12.007
-35.187 359.912 -13.087
-46.746 376.168 -14.464
-56.685 400.053 -14.656
-68.360 450.642 -12.171
-72.766 465.965 -11.721
-82.839 480.760 -11.908
-108.141 476.633 -12.581
-123.209 460.606 -12.384
-130.491 448.802 -12.053
-136.132 423.459 -12.265
-141.275 397.977 -12.711
-146.638 372.542 -12.817
-148.287 350.607 -12.446
-148.071 340.643 -12.260
-144.208 319.006 -11.865
-136.958 281.710 -12.207
-134.224 261.901 -11.959
-131.532 238.056 -11.530
-128.755 214.222 -11.083
-123.541 188.769 -10.120
-118.635 165.293 -9.221
-115.996 147.490 -8.989
-114.901 129.545 -8.950
-115.070 113.546 -8.992
-115.390 89.548 -9.054
-115.682 67.550 -9.112
-117.561 43.630 -9.351
-120.150 21.785 -9.671
-122.740 -0.059 -9.997
-124.494 -19.982 -9.907
-125.561 -35.932 -9.262
-126.468 -49.888 -8.631
-129.547 -71.620 -8.384
-132.285 -83.296 -8.783
-134.270 -111.177 -9.666
-132.504 -139.109 -8.870
-131.257 -153.037 -8.184
-129.832 -168.954 -7.400
-127.161 -198.799 -5.930
-126.092 -210.736 -5.342
50.030 -397.439 4.093
107.597 -397.080 11.004
162.703 -395.792 20.847
99.207 -372.695 12.775
55.454 -370.979 11.328
10.835 -374.529 21.774
-36.381 -376.191 29.479
-84.293 -376.991 27.575
-128.185 -378.082 24.716
-174.173 -378.442 24.478
-218.138 -378.297 26.216
-271.425 -393.652 32.138
-329.853 -432.098 53.626
-371.568 -420.831 85.241
-388.870 -384.237 115.046
-345.893 -386.004 138.899
-300.362 -371.781 141.806
-244.641 -410.168 136.505
-196.376 -413.878 138.337
-160.151 -408.267 142.717
-112.461 -425.789 146.584
-8.495 -295.042 131.007
21.480 -271.862 128.807
43.017 -240.734 126.295
63.067 -208.622 123.009
87.635 -165.541 117.562
103.042 -124.263 104.455
108.650 -83.500 96.304
111.377 -31.936 90.221
113.375 3.793 86.297
118.180 58.613 93.527
120.002 103.454 110.455
113.450 145.688 120.571
97.978 192.828 126.451
80.173 237.320 128.880
22.942 257.886 129.432
-39.040 281.433 130.036
-51.272 327.708 130.458
-54.748 369.327 126.649
-60.127 416.267 119.382
-92.117 439.705 112.045
-122.555 405.036 100.355
-124.251 355.947 94.993
-142.987 316.461 89.945
-132.498 271.992 83.775
-136.091 224.615 74.130
-90.790 143.697 62.041
-95.728 104.056 63.910
-99.385 74.367 66.173
-103.599 42.902 70.158
-107.599 5.797 77.282
-110.255 -29.167 85.430
-112.724 -64.211 93.286
-115.297 -101.368 100.818
-117.736 -136.573 107.935
-120.174 -171.778 115.053
-121.664 -193.293 119.402
