0.000 0.000 0.000
1636.918 -447.852 18.970
1590.127 -410.294 18.925
1512.333 -392.078 14.966
1375.523 -363.639 11.965
1315.865 -357.579 10.581
1235.990 -357.191 8.045
1176.132 -357.587 10.558
1116.968 -357.982 19.568
1039.382 -359.805 38.977
980.097 -362.121 46.741
881.024 -360.373 58.784
865.344 -300.532 49.958
872.230 -142.904 23.915
861.667 -43.564 19.453
853.216 35.908 15.884
822.642 106.970 12.493
726.432 166.537 6.384
646.852 169.483 5.334
508.909 149.325 17.759
438.164 118.390 24.804
418.441 85.044 26.720
408.564 -13.574 25.832
431.307 -65.482 25.891
495.467 -112.824 32.219
573.817 -127.780 35.220
672.623 -113.120 37.466
810.057 -87.268 36.241
678.156 -42.264 114.833
578.859 -37.871 124.002
459.783 -44.098 133.860
342.748 -33.864 127.633
357.648 85.885 133.964
471.244 164.560 145.728
569.880 179.623 150.655
685.965 149.247 149.762
793.702 96.765 143.576
865.527 61.777 139.452
900.143 41.883 137.451
881.439 -165.027 106.224
865.958 -263.577 108.119
865.107 -363.355 114.180
1003.638 -368.448 96.451
1063.422 -371.503 100.345
1142.810 -376.566 108.829
1202.448 -382.030 112.363
1361.976 -393.885 111.170
1441.819 -398.847 111.874
1538.148 -423.703 114.550
1574.350 -440.568 115.921
323.463 145.643 71.615
233.752 148.664 27.539
179.467 150.426 2.044
132.709 143.652 104.435
24.013 147.269 53.732
-54.784 140.776 64.830
-145.336 127.442 105.110
-183.338 127.432 117.594
-258.901 129.694 143.642
-314.769 133.909 165.108
-407.728 141.265 201.226
-482.095 147.150 230.121
-556.751 153.173 258.218
-621.243 178.169 343.907
-427.000 123.773 279.770
-356.135 103.102 248.952
-301.202 100.623 224.948
-227.374 100.402 194.138
-153.116 102.175 164.429
-115.986 103.061 149.575
-60.293 104.390 127.294
50.971 106.174 82.391
