0.000 0.000 0.000
0.000 0.000 0.000
767.262 -1650.499 140.702
920.907 -1644.017 221.417
1141.916 -1525.947 527.766
1159.658 -1503.429 555.636
1202.881 -1301.235 433.800
1212.668 -1207.693 359.692
1201.828 -1160.311 324.706
1123.944 -1176.355 316.132
1046.832 -1196.449 309.198
890.228 -1284.106 295.439
699.280 -1392.152 279.170
501.974 -1483.227 249.668
390.133 -1502.005 210.438
258.863 -1523.809 167.010
-19.048 -1549.350 166.159
-148.227 -1530.493 257.672
-199.764 -1511.142 315.618
-292.171 -1425.730 542.936
-324.351 -1285.767 612.430
-330.159 -1073.006 666.820
-282.380 -979.647 574.078
-244.110 -920.702 504.715
-108.058 -861.355 342.920
103.002 -803.078 326.579
313.624 -741.459 342.126
522.976 -677.349 362.152
611.861 -641.456 434.210
702.865 -597.576 531.012
818.645 -526.540 704.043
865.063 -404.310 825.034
838.100 -238.855 717.682
867.214 -133.887 600.884
902.052 -36.134 549.447
950.550 151.742 587.181
989.733 255.108 821.881
1019.291 269.177 998.801
1046.578 269.684 1156.448
1074.652 268.829 1313.955
982.345 -57.853 1306.637
933.449 -230.372 1293.896
710.377 -468.925 1209.873
532.445 -542.321 1157.151
405.678 -584.400 1117.810
205.188 -556.618 993.303
92.108 -404.651 846.011
35.909 -325.808 775.120
-44.073 -199.455 674.994
-123.951 -71.504 576.770
-196.069 141.822 448.327
-151.365 311.270 352.239
-93.237 399.979 298.214
-7.870 494.131 239.677
166.709 518.273 208.419
340.313 471.276 201.351
519.003 474.634 222.755
654.354 487.679 252.970
781.938 517.660 301.725
948.866 599.542 482.553
999.754 691.601 697.493
992.852 867.193 825.213
994.613 943.934 840.958
1009.289 1123.298 843.709
995.241 1351.035 917.298
1019.103 1488.955 747.597
1036.816 1582.954 645.566
1049.316 1717.842 566.843
958.090 1914.042 567.545
716.448 1844.832 685.843
509.752 1759.457 771.260
352.678 1688.198 719.866
229.342 1632.667 684.325
40.056 1526.982 674.170
-118.163 1400.630 759.067
-299.900 1188.203 667.857
-266.587 1054.217 464.451
-109.686 1032.044 379.694
139.606 1041.724 306.484
254.664 1046.192 272.695
416.150 979.130 228.527
472.174 851.372 221.217
442.564 628.460 304.292
455.316 459.972 444.158
563.181 404.773 548.877
681.985 483.751 616.043
658.147 716.585 667.605
30.933 1434.577 702.507
-125.684 1798.846 650.555
-175.779 1906.112 630.963
-219.587 2076.059 595.082
-231.085 2154.355 583.351
-251.208 2291.390 562.942
-266.515 2549.064 531.840
-279.201 2767.050 504.987
-276.492 2846.222 496.779
-216.995 3015.172 491.220
-114.304 3209.069 507.298
-1.720 3396.604 528.160
110.056 3478.134 549.565
299.275 3585.838 577.925
423.811 3647.287 595.452
592.012 3654.281 620.117
743.944 3565.299 649.525
795.793 3506.396 664.605
863.302 3341.958 692.918
931.285 3177.670 720.981
979.392 3011.723 855.898
997.535 2948.590 955.984
1026.388 2841.104 1145.737
1010.749 2701.825 1326.809
903.256 2626.409 1369.768
710.876 2572.658 1360.709
475.883 2524.031 1358.237
260.322 2480.073 1357.248
183.682 2496.270 1341.082
51.476 2532.684 1313.012
-115.483 2697.178 1262.687
-162.309 2844.349 1221.419
-166.592 2939.395 1193.855
-124.166 3106.445 1142.800
-3.799 3265.235 1049.860
175.311 3351.955 915.769
344.729 3364.038 776.027
496.749 3337.253 648.856
613.455 3291.483 551.052
635.106 3125.616 440.180
448.958 2991.190 365.860
295.897 2957.505 336.314
44.797 2980.810 383.748
-113.304 3195.822 463.105
-178.584 3445.832 491.244
-283.480 3726.891 492.655
-313.248 3924.287 485.690
-299.213 4083.201 476.482
-268.150 4239.730 469.173
-56.429 4344.795 466.143
255.709 4401.683 488.811
425.919 4410.642 545.326
586.087 4420.062 626.649
814.084 4459.979 817.378
1024.242 4564.698 918.664
1116.631 4826.132 887.178
1077.708 5040.716 858.759
1022.631 5208.801 825.382
986.097 5383.390 809.231
971.343 5581.679 821.846
968.135 5760.149 845.047
950.658 5978.083 867.864
827.452 6157.649 884.249
711.827 6189.201 889.638
553.695 6213.181 892.436
188.304 6160.699 896.493
51.253 5988.760 891.397
-24.469 5792.212 828.704
-54.118 5663.413 782.569
-90.733 5490.476 752.314
-122.736 5233.419 730.485
-131.470 5074.179 720.288
-120.535 4935.148 710.516
-96.355 4777.213 712.763
4.854 4559.635 848.050
195.692 4485.799 1007.634
404.737 4445.631 1118.323
637.535 4465.887 1074.865
738.643 4516.667 840.835
763.880 4556.844 776.461
809.683 4661.610 665.382
750.256 4856.930 586.437
562.358 4955.303 529.836
389.139 4961.949 481.591
272.377 5058.050 471.511
224.919 5207.433 494.857
237.898 5419.746 549.655
325.647 5679.911 601.791
375.346 5789.093 604.840
