0.000 0.000 0.000
737.282 1230.985 562.894
208.258 558.018 601.496
-155.793 144.966 686.888
-457.436 -284.822 880.260
-795.317 -688.384 995.281
-1136.246 -895.275 1016.479
-1176.380 -1012.268 1659.631
-857.552 -1507.534 2500.245
-1203.034 -1999.364 2500.245
3033.165 -1775.580 553.932
3439.356 -1718.435 402.086
3972.772 -1769.112 542.526
4526.398 -1554.171 583.342
4992.187 -1502.120 537.685
2925.344 -874.504 490.216
2790.755 -460.318 495.368
3065.526 -48.292 504.558
3493.416 -131.724 532.545
3631.693 -121.661 551.443
4128.887 -51.209 539.705
4310.460 237.545 560.139
4367.680 1040.509 566.951
4261.998 1872.164 547.863
2806.160 1874.277 521.472
2686.000 2299.932 511.313
3376.223 3184.361 553.685
3957.162 3407.873 582.369
4480.221 3364.038 599.003
4662.270 3189.534 605.745
4604.761 2806.103 624.517
4701.794 2506.472 658.223
4798.727 2120.608 731.565
5225.658 1832.982 766.471
5606.334 1330.868 788.314
5020.596 728.098 968.784
4685.915 634.325 941.628
4260.312 32.290 755.988
5393.199 -282.226 687.324
5584.269 -383.594 653.110
5595.243 -633.749 583.101
5807.922 -682.090 554.280
6000.223 -458.392 533.320
6272.660 -510.913 495.671
6606.159 -567.851 465.102
6704.204 -566.830 484.756
6993.526 -546.768 560.042
6482.185 1208.525 1415.550
7004.929 1775.111 1136.102
8106.315 2062.871 913.853
8503.203 2713.461 795.781
7571.631 3726.425 877.273
6983.415 4028.275 725.340
6080.952 3855.142 839.230
5264.189 3410.536 748.295
4937.851 2965.612 690.776
4804.719 2800.081 682.095
4720.117 2508.863 680.758
5075.259 2083.268 737.256
5378.623 1642.419 725.592
5295.708 1391.254 674.482
4551.122 809.624 736.988
