0.000 0.000 130.000
-567.559 -2218.041 363.154
-502.859 -4214.415 304.354
-490.356 -5311.407 335.786
-509.148 -6157.981 409.567
-525.190 -6904.883 475.748
-542.301 -7701.579 546.342
-560.482 -8548.071 621.348
-560.322 -8597.520 613.943
-555.996 -9933.963 423.493
-567.337 -10979.302 335.725
-594.141 -11978.009 340.648
-628.449 -12875.847 390.426
-688.881 -13921.392 464.764
-578.216 -14129.256 1683.695
-532.868 -13534.689 1747.652
-574.340 -12838.025 1801.796
-612.849 -12191.123 1852.073
-663.208 -11345.174 1917.819
-705.645 -10547.575 1960.885
-713.249 -10101.361 1913.919
-718.605 -9458.090 1820.786
-724.785 -8715.854 1713.325
-728.492 -8270.512 1648.848
-704.897 -7724.158 1594.912
-642.818 -6729.393 1513.801
-620.642 -6081.572 1467.989
-604.833 -5133.641 1407.345
-584.865 -3936.254 1330.743
-572.384 -3187.888 1282.866
-572.384 -3187.888 1282.866
1652.874 -4484.428 1266.246
2507.088 -4317.969 1199.798
2421.104 -4238.153 459.079
1670.808 -3833.789 289.052
0.000 0.000 130.000
-1730.555 -555.315 221.329
-2148.064 -586.107 255.059
-2863.793 -638.894 312.881
-3968.451 -717.611 381.906
-5047.373 -702.179 351.074
-6096.223 -710.223 372.997
-7017.190 -817.509 429.630
-8024.075 -966.638 495.556
-8794.046 -1080.678 545.971
-8843.326 -2230.789 651.349
-8538.942 -3259.714 716.016
-8536.873 -2775.002 1612.504
-8609.958 -1974.579 1619.445
-8672.718 -1379.391 1581.517
-8693.034 -542.612 1652.129
-8583.981 75.667 1660.372
-7914.139 -186.326 1673.382
-7322.626 -259.744 1719.721
-6597.369 -383.395 1642.195
-6001.168 -535.486 1510.903
-5316.494 -609.422 1511.444
-4541.414 -637.231 1464.977
-3894.642 -682.959 1341.915
-2732.544 -723.538 1222.411
-2163.711 -713.448 1248.136
-1490.236 -605.180 1170.304
789.705 -706.050 594.279
458.041 -250.821 440.708
-105.017 141.582 420.955
-354.158 741.616 464.968
-422.186 1423.056 389.965
-482.739 2045.273 317.238
-569.965 2698.486 342.867
-591.851 3505.853 398.066
-597.932 4224.107 447.781
-617.658 5302.833 479.487
-634.989 6231.214 434.914
-664.822 7037.482 363.358
-698.956 8083.555 284.386
-612.355 8888.348 294.539
-550.270 9784.112 337.915
-592.871 10770.553 396.517
-720.174 11841.523 452.244
-716.207 12590.514 474.899
-713.630 13490.114 493.071
-726.774 14359.888 507.425
-719.664 15169.695 519.231
-699.156 15919.358 527.756
-718.382 16823.943 1060.100
-718.482 16824.400 1330.100
-724.924 16846.420 2079.187
-712.645 16397.475 2107.261
-789.794 15836.194 2093.987
-908.424 15374.599 2037.104
-986.988 14874.666 1980.053
-1004.270 14250.446 1901.050
-1001.583 13806.335 1828.509
-1009.215 13208.810 1783.130
-1019.128 12729.153 1767.712
-1036.510 12099.855 1744.273
-1056.813 11560.840 1718.897
-1064.699 10937.608 1632.248
-1049.778 10406.911 1534.305
-1023.363 9873.360 1455.903
-996.474 9367.531 1396.811
-967.822 8801.677 1334.458
-946.567 8354.885 1285.232
-922.477 7848.521 1229.443
-904.032 7190.503 1184.481
-889.730 6561.189 1162.271
-882.786 6051.305 1156.636
-887.200 5511.388 1148.606
-894.244 4821.489 1139.515
-899.451 4311.563 1132.795
-883.930 3684.091 1091.429
-854.029 3178.766 1029.364
-817.093 2492.621 970.465
-686.899 1940.151 959.543
-533.590 1453.800 951.844
-49.344 777.026 918.222
498.735 687.786 872.120
1379.324 1115.217 764.215
2023.773 2163.768 954.763
2092.691 2765.188 1112.785
2035.447 3467.110 1262.543
2004.899 4385.816 1397.255
1994.186 5309.398 1505.762
1956.103 6262.083 1616.404
1889.751 7601.689 1769.817
1817.129 9090.757 1934.693
1806.138 9988.104 1888.970
1801.732 10675.706 1831.869
1792.490 11545.060 1823.612
1768.338 12474.353 1849.038
1737.069 13433.349 1845.786
1729.518 14301.172 1786.379
1732.120 15258.015 1708.603
1407.753 16122.347 539.173
1420.109 15582.894 519.667
1442.113 15043.470 508.579
1454.735 14443.697 509.727
1461.729 13903.768 515.076
1466.780 13513.818 518.940
1473.189 12823.895 525.500
1457.461 12314.428 513.907
1436.018 11836.151 479.701
1444.150 11267.704 441.659
1462.006 10788.259 436.960
1470.521 10248.406 440.292
1463.350 9708.505 436.397
1454.387 9318.645 431.198
1442.666 8808.827 424.400
1428.188 8179.053 416.002
1417.846 7729.214 410.003
1407.504 7279.375 404.005
1395.783 6769.558 397.206
1384.752 6289.729 390.808
1390.332 5719.895 388.722
1410.592 5090.220 388.791
1646.388 4559.224 368.891
2147.064 4001.756 336.864
2393.076 3502.879 321.412
2355.850 3057.014 338.204
2288.449 2796.852 363.870
2213.987 2324.785 392.935
2199.535 1935.770 401.553
2274.476 1710.237 398.583
3590.369 1420.797 463.272
4726.883 1409.483 525.330
5270.880 746.710 620.048
5286.368 483.231 658.041
4751.507 75.416 1251.121
4168.457 -445.818 1560.371
2577.391 -1988.929 497.471
3240.604 -2827.082 297.254
3699.421 -3330.634 403.670
4339.806 -3959.418 427.472
4875.975 -4483.612 411.638
5215.253 -5427.109 418.499
5087.730 -6255.818 437.823
5306.294 -6903.318 461.722
5893.957 -7158.011 467.975
6523.615 -7145.063 482.978
7451.368 -7461.366 522.248
7926.282 -7959.052 568.097
8324.137 -8321.076 591.348
8933.935 -8898.054 600.527
9576.782 -9527.543 615.334
10156.372 -10132.443 676.444
10747.850 -10684.369 662.643
11397.386 -11259.880 601.112
12028.029 -11813.413 575.711
12533.924 -12278.368 637.819
12929.981 -12643.256 1586.520
12445.317 -12306.599 1688.165
11974.021 -11854.430 1781.324
11419.766 -11272.574 1853.932
11119.146 -10899.645 1823.066
10818.484 -10526.462 1796.089
10513.152 -10156.146 1792.375
10187.928 -9763.304 1790.669
9709.656 -9185.594 1788.160
9307.927 -8700.345 1783.441
8926.256 -8241.198 1726.039
8470.162 -7690.300 1643.091
8126.864 -7277.930 1582.337
7743.720 -6820.859 1516.856
7253.720 -6297.748 1460.793
6846.979 -5946.749 1505.160
6392.429 -5562.940 1583.107
5915.150 -5159.941 1664.951
5434.508 -4714.287 1739.118
5004.195 -4257.922 1796.774
4619.918 -3840.009 1847.602
4039.839 -3236.036 1876.027
3567.833 -2776.942 1830.813
3201.666 -2423.487 1797.806
2678.657 -1889.614 1740.604
2327.212 -1446.260 1674.235
2006.099 -1017.716 1604.696
1738.503 -660.596 1546.747
1274.670 -41.587 1446.301
