0.000 0.000 3050.000
-876.921 -858.306 3123.891
-870.690 -1294.546 3177.392
-873.284 -1849.145 3253.737
-883.375 -2444.497 3326.758
-882.452 -3003.784 3350.040
-850.412 -3661.618 3375.774
-633.908 -4077.679 3405.241
-225.502 -4169.403 3430.924
78.491 -3979.633 3463.286
346.088 -3696.855 3497.680
482.880 -3366.452 3483.178
521.722 -3049.957 3457.834
532.721 -2671.773 3424.617
536.699 -2194.117 3377.770
547.964 -1785.990 3280.361
564.616 -1368.357 3145.035
577.567 -993.732 2956.105
545.142 -721.517 2912.905
443.319 -423.749 3030.763
267.354 13.206 3241.999
-150.390 20.227 3220.339
-588.100 -82.996 3170.709
-861.861 332.105 3096.347
-1058.656 640.996 3082.772
-1137.833 896.471 3086.195
-715.654 1199.163 3050.430
-520.521 1440.125 3026.255
-72.380 1978.045 2970.646
8.949 2286.764 2955.297
-195.650 2572.186 3019.349
-622.866 2612.803 3121.093
-818.108 2902.508 3187.673
-455.807 3063.987 3280.307
-497.616 3653.973 3405.002
-672.406 4094.720 3477.048
-1255.451 4523.843 3508.814
-1463.103 5325.950 3514.658
-1411.583 5729.531 3517.802
-1330.980 6367.260 3531.283
-1093.378 6748.783 3521.497
-830.620 6782.669 3501.494
-457.001 6877.375 3481.845
-178.279 6842.588 3494.666
31.087 6688.710 3500.175
252.628 6554.926 3509.081
680.922 6389.493 3534.770
1016.508 6307.829 3403.043
1216.443 6522.616 3095.464
1580.647 7409.784 2765.244
1976.803 7357.993 2761.521
2337.705 7240.599 2753.167
2413.770 6972.756 2764.849
2471.434 6722.148 2799.504
2522.887 6571.109 2811.318
2586.951 6382.297 2826.939
2616.956 6167.566 2857.414
2577.947 5894.637 2905.399
2559.839 5599.152 2953.067
2547.296 5341.809 2987.162
2492.866 5108.837 2992.306
2426.384 4920.214 2993.688
2342.578 4696.227 3011.084
2218.801 4424.614 3040.415
2052.495 3956.242 3002.010
1925.629 3482.508 2905.954
1914.193 3183.911 2887.911
1974.528 2773.400 2862.576
2099.045 2458.907 2833.816
2221.561 1923.992 2817.110
2138.865 1553.361 2824.146
2114.040 1136.573 2848.126
2092.190 718.951 2885.238
1940.123 270.676 2928.564
1411.360 -90.516 3039.545
870.289 -573.649 3199.703
626.851 -1321.086 3711.908
426.467 -2173.639 3896.505
550.523 -2613.840 3821.644
934.791 -2823.267 3680.610
1039.384 -3235.920 3447.037
941.669 -3895.540 3220.687
1192.296 -4243.216 3167.136
1419.390 -4954.136 3120.892
1724.125 -5531.453 3119.413
2146.727 -5494.708 3120.984
2826.204 -5387.256 3141.705
2972.678 -5208.648 3177.506
3196.650 -4939.413 3252.882
3321.920 -4561.036 3333.219
3563.036 -4171.047 3379.099
3680.987 -3742.388 3419.989
3774.366 -3430.065 3505.723
2944.290 -3205.738 4229.468
2436.936 -3299.219 4297.899
2302.844 -2986.301 4333.688
2632.784 -2567.986 4366.716
2681.068 -1895.532 4374.660
3220.560 -1368.317 4296.966
4134.222 -1180.557 4028.860
4852.029 -1744.386 3696.911
5278.889 -1588.596 3649.660
5927.580 -802.023 3673.263
7098.728 -628.599 4155.399
7600.194 -1334.960 4236.893
7415.360 -1731.299 4371.771
6722.231 -1653.455 4468.572
6375.224 -1897.098 4518.561
6277.123 -2323.050 4477.127
6094.074 -3060.893 4313.545
5960.335 -3561.371 4164.364
6696.301 -4519.677 3861.454
6638.202 -5476.586 3672.510
6109.037 -5372.366 3517.827
5605.214 -5490.032 3422.429
5256.973 -5679.434 3369.601
6402.568 -5725.726 3351.306
7301.816 -5083.047 3260.620
7487.670 -4664.508 3243.911
8036.735 -1635.210 3225.488
8097.964 -959.644 3192.141
8066.683 -421.472 3175.182
8006.199 215.619 3168.600
7938.540 952.494 3162.403
7900.139 1370.720 3158.886
7856.252 1848.693 3154.866
7816.023 2286.834 3151.182
7755.679 2944.047 3145.655
7935.718 3713.138 3138.000
8196.806 4445.978 3117.118
7717.771 4773.956 3084.562
7454.048 5441.094 3075.329
7223.331 6286.448 3094.790
6952.989 7054.944 3146.412
6163.843 7344.957 3232.105
5575.802 7638.868 3286.469
5114.089 7605.137 3294.048
4773.533 7125.459 3118.384
4913.599 6357.786 2968.757
4849.095 6109.539 2987.370
4684.381 5873.770 3068.590
4011.698 5916.494 3168.699
3689.423 6233.573 3173.393
3322.446 6441.972 3149.325
2989.209 6596.309 3132.911
2591.171 6690.380 3201.345
2360.776 6453.620 3408.018
2542.472 6346.664 3473.954
2956.786 6323.396 3401.096
3185.546 6153.648 3259.143
3305.283 5858.375 3142.436
3468.604 5549.280 3058.569
3803.495 5280.410 2986.103
4102.785 5010.603 2903.568
4153.314 4581.527 2837.114
4162.658 4124.829 2782.865
4172.892 3707.434 2737.540
4191.143 3209.471 2768.982
4206.628 2592.011 2821.200
4335.229 1973.434 2845.433
4481.822 1591.274 2838.066
4463.509 1231.932 2826.401
4405.739 826.157 2811.519
4298.498 390.415 2797.341
4170.586 59.287 2787.760
4057.346 -287.006 2788.560
4356.333 -1279.517 2757.057
5962.593 148.633 2831.724
5994.658 485.792 2839.073
6016.455 816.950 2911.802
6019.339 1153.452 2940.460
6021.723 1771.141 2887.640
6019.338 2149.598 2853.513
6046.024 2606.498 2876.396
6082.205 3021.020 3014.278
6085.282 3407.947 3223.639
6056.296 3876.339 3442.018
5812.708 4145.041 3617.905
5517.521 4288.185 3846.548
5109.368 4059.384 4122.184
4700.255 4118.064 4322.829
4358.104 4128.710 4476.001
4309.857 4101.532 4498.859
4209.659 3634.128 4490.079
4185.386 3316.088 4475.993
4217.222 2898.034 4452.259
4240.799 2599.495 4434.417
4242.018 2222.312 4398.521
4204.071 1869.592 4337.342
4167.479 1457.582 4265.185
4206.292 1006.609 4190.300
4451.697 660.285 4131.792
4824.109 551.970 4065.831
5213.597 618.827 3941.803
5503.382 822.534 3817.243
5686.999 1285.053 3670.042
5803.171 1671.829 3559.777
5799.345 2069.059 3534.423
5703.281 2475.515 3565.385
5656.240 2932.261 3541.351
5575.757 3287.002 3490.936
5355.671 3527.117 3447.864
5089.862 3813.270 3418.454
4860.457 3793.927 3422.817
4558.153 3826.943 3440.622
4177.289 3929.262 3465.703
3844.723 3835.365 3484.074
3836.065 3555.885 3495.031
3762.078 3226.378 3513.802
3653.090 2863.184 3538.495
3581.043 2511.581 3557.090
3578.381 1732.193 3541.919
3584.862 1392.409 3531.712
3589.102 992.896 3512.793
3591.975 653.591 3491.288
