0.000 0.000 0.000
-547.863 775.262 409.477
-592.375 481.472 441.950
-698.337 -27.550 450.193
-812.662 -575.377 469.019
-690.776 -1010.896 713.698
-628.147 -839.688 898.167
-615.343 -523.952 1061.957
-595.031 -132.120 1134.216
-565.917 346.331 1118.909
-541.442 804.932 1092.730
81.810 -11.711 383.536
210.921 -34.892 336.890
367.891 -49.252 311.331
587.271 -60.377 299.295
863.364 -73.146 256.421
1080.945 -82.262 225.811
1260.814 -83.283 222.552
1520.722 -79.051 226.334
1760.571 -72.113 231.249
2040.395 -64.018 236.983
2318.085 -60.188 266.531
2493.694 -2.779 465.997
2589.562 114.543 833.067
2472.669 266.305 1242.798
2180.397 309.542 1432.482
1941.487 299.620 1443.457
1705.685 280.082 1404.957
1455.780 253.691 1339.214
1248.802 215.867 1274.956
930.047 160.747 1170.357
226.021 89.690 924.151
262.040 -151.287 802.422
373.022 -237.243 728.387
556.091 -130.592 649.466
715.601 -36.214 579.934
923.242 -157.449 444.658
3512.751 -512.996 275.487
3589.006 -781.526 253.644
3683.042 -1128.219 230.499
3799.474 -1572.547 205.664
3868.819 -1902.861 238.672
3856.302 -2333.187 317.672
3447.141 -2890.553 329.701
3133.784 -3137.203 522.268
3166.038 -3206.133 655.545
3451.705 -3285.459 800.839
3709.958 -3289.344 829.518
4009.668 -3288.318 842.191
4429.372 -3279.700 855.080
4785.657 -3248.128 865.701
4932.347 -3077.912 829.861
4780.338 -3004.684 654.972
4429.994 -3344.655 371.792
4246.874 -3308.590 282.849
4191.569 -3123.201 306.248
4183.337 -2940.578 387.188
4171.486 -2692.741 463.873
4138.963 -2414.743 571.075
4091.688 -2067.767 718.618
4066.996 -1820.478 793.218
4044.450 -1563.516 821.633
4010.040 -1205.526 807.605
3869.475 -898.971 866.122
3652.465 -487.563 934.067
3726.904 -218.467 942.609
4129.580 -105.836 938.097
4377.728 -51.444 895.525
4703.028 26.379 867.662
4916.418 76.239 887.136
5110.427 121.456 904.938
5362.106 184.239 922.289
5594.167 243.824 936.388
5911.244 283.527 939.354
6334.520 90.222 916.336
6371.057 -396.843 895.801
6644.693 -221.147 900.083
7026.712 -21.759 900.650
7037.678 316.658 897.248
6948.554 726.143 877.495
6726.707 1187.570 799.143
6397.160 1079.258 436.285
6261.905 583.338 139.133
5977.465 499.786 42.860
5860.188 510.992 64.473
5730.674 489.715 112.838
5599.584 464.432 154.933
5447.913 435.131 196.441
5312.756 411.067 223.857
5197.347 391.477 250.166
4970.180 360.437 320.406
4647.139 312.394 408.393
4492.292 274.369 397.324
4339.051 230.872 382.468
4186.496 184.140 370.737
7512.203 1143.211 1985.205
7289.560 666.982 1982.911
7216.889 155.513 1985.244
7291.346 -232.341 1994.960
6171.615 -171.471 2096.143
5835.768 -200.189 2127.366
5520.024 -234.755 2162.337
5109.729 -457.710 2118.310
4828.311 -908.310 2075.654
4496.500 -1506.665 2038.350
4621.292 -2111.722 1989.385
4222.053 -2658.321 1882.664
3963.764 -2573.209 1829.729
4007.398 -2054.557 1807.264
3874.494 -1628.815 1825.671
3931.349 -1237.046 1842.914
3674.976 -742.528 1889.415
3406.101 -349.957 1936.642
3151.273 -246.736 1926.968
2872.597 -225.236 1932.400
2512.952 -214.773 1938.130
2104.770 -126.092 1908.630
1681.662 -12.974 1867.106
1260.919 98.144 1802.922
634.406 272.140 1689.772
79.275 406.196 1594.299
-373.824 189.553 1513.841
-743.995 -358.871 1401.892
-872.596 -808.247 1293.663
